        0.00100       25.97867       -1.00792      -25.32812        0.49200       -0.02635        0.06105
        0.00200       26.76288       -0.81206      -26.63170        0.49564       -0.09248        0.13695
        0.00300       27.48332       -0.69520      -27.46474        0.51465       -0.10219        0.15947
        0.00400       28.19835       -0.64584      -28.22074        0.52895       -0.08984        0.19265
        0.00500       28.90110       -0.60571      -28.95527        0.54461       -0.07718        0.22029
        0.00600       29.59495       -0.56908      -29.67775        0.56327       -0.07306        0.23795
        0.00700       30.28548       -0.54097      -30.38844        0.58422       -0.07627        0.24876
        0.00800       30.97130       -0.51619      -31.09093        0.60544       -0.07644        0.25555
        0.00900       31.65481       -0.49939      -31.78328        0.62478       -0.07361        0.26008
        0.01000       32.33487       -0.48716      -32.46757        0.64348       -0.07028        0.26229
        0.01100       33.00970       -0.47515      -33.14629        0.66248       -0.06628        0.26131
        0.01200       33.67916       -0.46292      -33.81982        0.68143       -0.06102        0.25925
        0.01300       34.34381       -0.45145      -34.48773        0.70080       -0.05554        0.25695
        0.01400       35.00364       -0.44044      -35.15027        0.72048       -0.05087        0.25517
        0.01500       35.65910       -0.43055      -35.80725        0.73988       -0.04641        0.25412
        0.01600       36.31033       -0.42185      -36.45871        0.75915       -0.04192        0.25308
        0.01700       36.95682       -0.41326      -37.10527        0.77810       -0.03778        0.25087
        0.01800       37.59887       -0.40515      -37.74682        0.79724       -0.03387        0.24752
        0.01900       38.23651       -0.39748      -38.38344        0.81730       -0.03029        0.24401
        0.02000       38.86948       -0.38965      -39.01549        0.83796       -0.02703        0.24096
        0.02100       39.49802       -0.38196      -39.64289        0.85875       -0.02392        0.23786
        0.02200       40.12206       -0.37423      -40.26580        0.87945       -0.02083        0.23570
        0.02300       40.74155       -0.36618      -40.88439        0.90042       -0.01825        0.23409
        0.02400       41.35634       -0.35741      -41.49894        0.92153       -0.01673        0.23234
        0.02500       41.96645       -0.34781      -42.10956        0.94217       -0.01607        0.22977
        0.02600       42.57183       -0.33725      -42.71637        0.96216       -0.01580        0.22759
        0.02700       43.17312       -0.32681      -43.31889        0.98177       -0.01587        0.22506
        0.02800       43.77066       -0.31706      -43.91690        1.00090       -0.01628        0.22251
        0.02900       44.36454       -0.30826      -44.51027        1.01946       -0.01677        0.22256
        0.03000       44.95441       -0.29947      -45.09955        1.03766       -0.01711        0.22360
        0.03100       45.54003       -0.29002      -45.68517        1.05533       -0.01723        0.22464
        0.03200       46.12170       -0.28044      -46.26690        1.07193       -0.01774        0.22497
        0.03300       46.69949       -0.27089      -46.84468        1.08717       -0.01805        0.22670
        0.03400       47.27328       -0.26101      -47.41874        1.10132       -0.01875        0.22765
        0.03500       47.84238       -0.24946      -47.98975        1.11453       -0.01993        0.22868
        0.03600       48.40692       -0.23621      -48.55785        1.12706       -0.02161        0.23007
        0.03700       48.96689       -0.22122      -49.12308        1.13909       -0.02316        0.22924
        0.03800       49.52242       -0.20464      -49.68540        1.15116       -0.02442        0.22622
        0.03900       50.07346       -0.18631      -50.24493        1.16358       -0.02651        0.22111
        0.04000       50.62017       -0.16642      -50.80165        1.17700       -0.02882        0.21376
        0.04100       51.16289       -0.14549      -51.35538        1.19091       -0.03105        0.20452
        0.04200       51.70203       -0.12450      -51.90555        1.20448       -0.03492        0.19266
        0.04300       52.23728       -0.10292      -52.45238        1.21687       -0.03979        0.18059
        0.04400       52.76882       -0.08085      -52.99595        1.22865       -0.04537        0.16899
        0.04500       53.29682       -0.05838      -53.53634        1.24049       -0.05189        0.15699
        0.04600       53.82183       -0.03678      -54.07285        1.25216       -0.05940        0.14665
        0.04700       54.34372       -0.01579      -54.60560        1.26518       -0.06727        0.13735
        0.04800       54.86211        0.00525      -55.13489        1.27949       -0.07527        0.13030
        0.04900       55.37634        0.02784      -55.66155        1.29442       -0.08264        0.12604
        0.05000       55.88699        0.05118      -56.18535        1.30923       -0.09033        0.12148
        0.05100       56.39432        0.07488      -56.70615        1.32397       -0.09862        0.11622
        0.05200       56.89787        0.09971      -57.22430        1.33967       -0.10755        0.11114
        0.05300       57.39770        0.12565      -57.73982        1.35590       -0.11676        0.10355
        0.05400       57.89403        0.15254      -58.25274        1.37254       -0.12619        0.09460
        0.05500       58.38698        0.18018      -58.76298        1.39021       -0.13535        0.08333
        0.05600       58.87675        0.20815      -59.27034        1.40820       -0.14472        0.06938
        0.05700       59.36425        0.23461      -59.77391        1.42520       -0.15456        0.05556
        0.05800       59.84950        0.25936      -60.27354        1.44178       -0.16524        0.04543
        0.05900       60.33220        0.28309      -60.76958        1.45663       -0.17537        0.03805
        0.06000       60.81261        0.30537      -61.26191        1.46973       -0.18527        0.03006
        0.06100       61.29021        0.32762      -61.75138        1.48251       -0.19549        0.02118
        0.06200       61.76500        0.34986      -62.23800        1.49533       -0.20624        0.01130
        0.06300       62.23760        0.37060      -62.72091        1.50890       -0.21578        0.00054
        0.06400       62.70784        0.39045      -63.20057        1.52365       -0.22412       -0.01082
        0.06500       63.17544        0.41025      -63.67751        1.53912       -0.23209       -0.02291
        0.06600       63.64041        0.43006      -64.15180        1.55465       -0.23960       -0.03598
        0.06700       64.10246        0.45038      -64.62367        1.57005       -0.24564       -0.04899
        0.06800       64.56081        0.47276      -65.09389        1.58488       -0.24969       -0.06004
        0.06900       65.01632        0.49567      -65.56177        1.59934       -0.25290       -0.06961
        0.07000       65.46960        0.51763      -66.02646        1.61287       -0.25513       -0.07435
        0.07100       65.91988        0.54000      -66.48855        1.62515       -0.25656       -0.07592
        0.07200       66.36717        0.56306      -66.94838        1.63672       -0.25800       -0.07825
        0.07300       66.81195        0.58619      -67.40574        1.64796       -0.25940       -0.08091
        0.07400       67.25477        0.60837      -67.86017        1.65883       -0.26052       -0.08357
        0.07500       67.69594        0.62884      -68.31123        1.66958       -0.26126       -0.08366
        0.07600       68.13493        0.64825      -68.75907        1.68095       -0.26202       -0.08420
        0.07700       68.57089        0.66845      -69.20467        1.69354       -0.26250       -0.08762
        0.07800       69.00352        0.69028      -69.64858        1.70706       -0.26209       -0.09148
        0.07900       69.43352        0.71249      -70.09022        1.72192       -0.26033       -0.09563
        0.08000       69.86124        0.73449      -70.52935        1.73790       -0.25757       -0.10018
        0.08100       70.28736        0.75493      -70.96530        1.75400       -0.25452       -0.10413
        0.08200       70.71139        0.77474      -71.39852        1.77003       -0.25149       -0.10719
        0.08300       71.13203        0.79634      -71.83015        1.78573       -0.24878       -0.10862
        0.08400       71.54931        0.81962      -72.26013        1.79929       -0.24690       -0.10784
        0.08500       71.96363        0.84401      -72.68826        1.81117       -0.24577       -0.10701
        0.08600       72.37502        0.86961      -73.11469        1.82217       -0.24456       -0.10640
        0.08700       72.78346        0.89660      -73.53956        1.83198       -0.24250       -0.10622
        0.08800       73.18907        0.92485      -73.96284        1.84049       -0.23998       -0.10677
        0.08900       73.59199        0.95415      -74.38449        1.84861       -0.23725       -0.10720
        0.09000       73.99271        0.98328      -74.80378        1.85722       -0.23470       -0.10657
        0.09100       74.39194        1.01072      -75.21994        1.86596       -0.23305       -0.10512
        0.09200       74.78980        1.03641      -75.63304        1.87459       -0.23123       -0.10350
        0.09300       75.18639        1.06025      -76.04305        1.88363       -0.22802       -0.10017
        0.09400       75.58151        1.08259      -76.45012        1.89399       -0.22229       -0.09521
        0.09500       75.97507        1.10385      -76.85457        1.90457       -0.21490       -0.08890
        0.09600       76.36674        1.12491      -77.25694        1.91483       -0.20656       -0.08181
        0.09700       76.75638        1.14616      -77.65746        1.92463       -0.19762       -0.07408
        0.09800       77.14414        1.16723      -78.05592        1.93346       -0.18876       -0.06621
        0.09900       77.53058        1.18676      -78.45155        1.94190       -0.17981       -0.06190
        0.10000       77.91596        1.20436      -78.84423        1.95059       -0.17065       -0.05979
        0.10100       78.29986        1.22113      -79.23458        1.95967       -0.16129       -0.05788
        0.10200       78.68186        1.23802      -79.62314        1.96811       -0.15118       -0.05597
        0.10300       79.06190        1.25510      -80.00993        1.97496       -0.14068       -0.05308
        0.10400       79.43989        1.27268      -80.39515        1.98084       -0.13009       -0.04885
        0.10500       79.81584        1.29070      -80.77878        1.98662       -0.11933       -0.04483
        0.10600       80.18983        1.30901      -81.16074        1.99231       -0.10814       -0.04144
        0.10700       80.56186        1.32755      -81.54093        1.99702       -0.09643       -0.03621
        0.10800       80.93151        1.34700      -81.91964        2.00037       -0.08460       -0.02917
        0.10900       81.29875        1.36782      -82.29729        2.00318       -0.07227       -0.02228
        0.11000       81.66415        1.38877      -82.67321        2.00597       -0.05999       -0.01486
        0.11100       82.02714        1.41081      -83.04777        2.00837       -0.04888       -0.00749
        0.11200       82.38697        1.43541      -83.42173        2.00990       -0.03851       -0.00008
        0.11300       82.74371        1.46261      -83.79519        2.01025       -0.02820        0.00687
        0.11400       83.09769        1.49163      -84.16771        2.00913       -0.01931        0.01136
        0.11500       83.44929        1.52185      -84.53909        2.00724       -0.01105        0.01357
        0.11600       83.79938        1.55133      -84.90822        2.00609       -0.00287        0.01358
        0.11700       84.14850        1.57895      -85.27451        2.00740        0.00547        0.01252
        0.11800       84.49673        1.60473      -85.63809        2.01147        0.01453        0.00915
        0.11900       84.84364        1.62981      -85.99964        2.01714        0.02437        0.00396
        0.12000       85.18861        1.65519      -86.35959        2.02427        0.03494       -0.00201
        0.12100       85.53179        1.68069      -86.71786        2.03288        0.04535       -0.00862
        0.12200       85.87353        1.70536      -87.07392        2.04166        0.05452       -0.01058
        0.12300       86.21363        1.72962      -87.42795        2.05064        0.06206       -0.00574
        0.12400       86.55194        1.75397      -87.78031        2.05961        0.06857        0.00442
        0.12500       86.88846        1.77873      -88.13129        2.06867        0.07455        0.01591
        0.12600       87.22295        1.80418      -88.48095        2.07806        0.08006        0.02869
        0.12700       87.55539        1.83046      -88.82942        2.08761        0.08544        0.04403
        0.12800       87.88592        1.85754      -89.17677        2.09726        0.09082        0.06066
        0.12900       88.21406        1.88639      -89.52348        2.10697        0.09630        0.07685
        0.13000       88.53985        1.91684      -89.86941        2.11649        0.10102        0.09224
        0.13100       88.86361        1.94823      -90.21420        2.12706        0.10506        0.10785
        0.13200       89.18547        1.98030      -90.55777        2.13875        0.10870        0.12425
        0.13300       89.50595        2.01178      -90.89940        2.15135        0.11094        0.14276
        0.13400       89.82559        2.04165      -91.23863        2.16277        0.11342        0.16163
        0.13500       90.14390        2.07099      -91.57600        2.17264        0.11637        0.17946
        0.13600       90.46046        2.10083      -91.91212        2.18164        0.11887        0.19682
        0.13700       90.77551        2.13038      -92.24644        2.18921        0.11822        0.21088
        0.13800       91.09034        2.15650      -92.57717        2.19397        0.11408        0.22046
        0.13900       91.40445        2.18069      -92.90530        2.19731        0.10946        0.23014
        0.14000       91.71699        2.20500      -93.23201        2.20014        0.10484        0.24053
        0.14100       92.02797        2.22952      -93.55740        2.20245        0.10035        0.25207
        0.14200       92.33731        2.25432      -93.88147        2.20419        0.09595        0.26607
        0.14300       92.64456        2.28037      -94.20472        2.20564        0.09146        0.28109
        0.14400       92.94953        2.30810      -94.52741        2.20689        0.08686        0.29583
        0.14500       93.25268        2.33671      -94.84918        2.20794        0.08228        0.31081
        0.14600       93.55456        2.36503      -95.16941        2.20869        0.07823        0.32554
        0.14700       93.85511        2.39327      -95.48825        2.20922        0.07459        0.34000
        0.14800       94.15450        2.42097      -95.80541        2.21006        0.07176        0.35269
        0.14900       94.45256        2.44849      -96.12109        2.21123        0.06923        0.36484
        0.15000       94.74896        2.47666      -96.43579        2.21238        0.06666        0.37749
        0.15100       95.04369        2.50569      -96.74965        2.21311        0.06425        0.39053
        0.15200       95.33682        2.53542      -97.06260        2.21275        0.06265        0.40412
        0.15300       95.62835        2.56587      -97.37465        2.21143        0.06205        0.41801
        0.15400       95.91834        2.59684      -97.68568        2.20979        0.06250        0.43097
        0.15500       96.20743        2.62680      -97.99480        2.20808        0.06400        0.44136
        0.15600       96.49621        2.65466      -98.30152        2.20721        0.06671        0.44982
        0.15700       96.78434        2.68135      -98.60643        2.20719        0.06946        0.45675
        0.15800       97.07105        2.70831      -98.91021        2.20692        0.07138        0.46044
        0.15900       97.35603        2.73624      -99.21323        2.20595        0.07256        0.46145
        0.16000       97.63961        2.76468      -99.51535        2.20484        0.07351        0.46171
        0.16100       97.92276        2.79136      -99.81532        2.20532        0.07498        0.46171
        0.16200       98.20537        2.81635     -100.11316        2.20850        0.07764        0.45928
        0.16300       98.48732        2.84005     -100.40910        2.21350        0.08102        0.45603
        0.16400       98.76806        2.86361     -100.70370        2.21842        0.08548        0.45433
        0.16500       99.04683        2.88852     -100.99772        2.22380        0.09185        0.45142
        0.16600       99.32396        2.91426     -101.29101        2.22932        0.09985        0.44689
        0.16700       99.59972        2.94058     -101.58351        2.23478        0.10854        0.44144
        0.16800       99.87417        2.96742     -101.87519        2.24082        0.11688        0.43480
        0.16900      100.14732        2.99461     -102.16594        2.24817        0.12447        0.42596
        0.17000      100.41933        3.02180     -102.45554        2.25632        0.13205        0.41405
        0.17100      100.68989        3.04950     -102.74422        2.26332        0.13889        0.39848
        0.17200      100.95879        3.07830     -103.03235        2.26831        0.14495        0.38059
        0.17300      101.22629        3.10783     -103.31980        2.27216        0.15108        0.36097
        0.17400      101.49268        3.13754     -103.60631        2.27512        0.15798        0.33951
        0.17500      101.75801        3.16737     -103.89184        2.27840        0.16469        0.31726
        0.17600      102.02202        3.19775     -104.17654        2.28360        0.16970        0.29617
        0.17700      102.28366        3.23027     -104.46109        2.29045        0.17386        0.27704
        0.17800      102.54378        3.26342     -104.74480        2.29839        0.17690        0.25742
        0.17900      102.80339        3.29537     -105.02684        2.30680        0.17787        0.23708
        0.18000      103.06305        3.32498     -105.30657        2.31526        0.17680        0.21676
        0.18100      103.32315        3.35131     -105.58348        2.32316        0.17374        0.19634
        0.18200      103.58251        3.37691     -105.85894        2.32991        0.17034        0.17711
        0.18300      103.84003        3.40391     -106.13398        2.33676        0.16701        0.16032
        0.18400      104.09524        3.43301     -106.40888        2.34463        0.16433        0.14354
        0.18500      104.34898        3.46285     -106.68309        2.35283        0.16280        0.12587
        0.18600      104.60137        3.49297     -106.95628        2.36196        0.16137        0.11196
        0.18700      104.85317        3.52190     -107.22776        2.37221        0.15992        0.10191
        0.18800      105.10438        3.54991     -107.49777        2.38284        0.15765        0.09381
        0.18900      105.35459        3.57803     -107.76690        2.39366        0.15472        0.08624
        0.19000      105.60355        3.60679     -108.03540        2.40404        0.15209        0.08000
        0.19100      105.85142        3.63575     -108.30300        2.41398        0.15017        0.07587
        0.19200      106.09881        3.66367     -108.56913        2.42419        0.14909        0.07386
        0.19300      106.34568        3.69076     -108.83392        2.43491        0.14885        0.07306
        0.19400      106.59170        3.71765     -109.09768        2.44543        0.14905        0.07126
        0.19500      106.83665        3.74468     -109.36052        2.45511        0.14916        0.06852
        0.19600      107.08048        3.77183     -109.62239        2.46362        0.14928        0.06677
        0.19700      107.32338        3.79892     -109.88327        2.47131        0.14901        0.06556
        0.19800      107.56571        3.82523     -110.14283        2.47918        0.14719        0.06463
        0.19900      107.80748        3.85062     -110.40092        2.48877        0.14345        0.06347
        0.20000      108.04839        3.87563     -110.65776        2.50069        0.13893        0.06217
        0.20100      108.28832        3.90065     -110.91363        2.51319        0.13491        0.06161
        0.20200      108.52784        3.92447     -111.16791        2.52584        0.13253        0.05913
        0.20300      108.76763        3.94561     -111.41982        2.53711        0.13120        0.05317
        0.20400      109.00733        3.96461     -111.66955        2.54702        0.13048        0.04293
        0.20500      109.24667        3.98189     -111.91731        2.55586        0.13171        0.03093
        0.20600      109.48531        3.99828     -112.16356        2.56439        0.13504        0.01846
        0.20700      109.72289        4.01476     -112.40890        2.57354        0.13965        0.00443
        0.20800      109.95897        4.03246     -112.65402        2.58245        0.14402       -0.01035
        0.20900      110.19365        4.05134     -112.89892        2.59093        0.14783       -0.02557
        0.21000      110.42698        4.07110     -113.14338        2.59842        0.15208       -0.03925
        0.21100      110.65888        4.09171     -113.38727        2.60435        0.15766       -0.04938
        0.21200      110.88961        4.11303     -113.63072        2.60970        0.16368       -0.05864
        0.21300      111.11929        4.13494     -113.87374        2.61486        0.16973       -0.06804
        0.21400      111.34789        4.15761     -114.11641        2.61985        0.17559       -0.07779
        0.21500      111.57516        4.18146     -114.35893        2.62494        0.18061       -0.08735
        0.21600      111.80069        4.20716     -114.60155        2.63122        0.18366       -0.09515
        0.21700      112.02415        4.23534     -114.84460        2.63911        0.18442       -0.10160
        0.21800      112.24596        4.26532     -115.08779        2.64807        0.18342       -0.10785
        0.21900      112.46667        4.29603     -115.33060        2.65617        0.18219       -0.11355
        0.22000      112.68665        4.32665     -115.57258        2.66302        0.18158       -0.11980
        0.22100      112.90651        4.35588     -115.81311        2.66933        0.18177       -0.12840
        0.22200      113.12649        4.38335     -116.05202        2.67593        0.18144       -0.13972
        0.22300      113.34612        4.41016     -116.28992        2.68265        0.18028       -0.15300
        0.22400      113.56502        4.43680     -116.52689        2.68938        0.17833       -0.16692
        0.22500      113.78287        4.46278     -116.76220        2.69610        0.17766       -0.17930
        0.22600      113.99871        4.49043     -116.99723        2.70330        0.17809       -0.19210
        0.22700      114.21232        4.52059     -117.23260        2.71133        0.17840       -0.20373
        0.22800      114.42425        4.55239     -117.46796        2.72038        0.17772       -0.21312
        0.22900      114.63537        4.58430     -117.70263        2.72925        0.17641       -0.22157
        0.23000      114.84614        4.61548     -117.93623        2.73731        0.17482       -0.22955
        0.23100      115.05637        4.64642     -118.16905        2.74484        0.17319       -0.23756
        0.23200      115.26593        4.67750     -118.40132        2.75208        0.17171