      0.5065537
    -16.0479452
    -16.5544989
     15.7532887
      0.1828267
    -15.5704620
     -0.0434623
     16.2598424
     16.2163801
     15.5269997
     -0.3381188
    -15.8651185
     16.1344321
     16.3871011
      0.2526691
    -16.9157571
    -16.1290715
      0.7866856
    -15.9956023
     -0.7813250
    -16.7769273
    -16.7822879
    -16.5242582
      0.2580297
     16.8821096
     16.5431463
     -0.3389633
    -16.8905426
    -15.9420121
      0.9485305
    -16.0297938
     -0.0084330
    -16.0382268
    -16.9783243
    -16.3771901
      0.6011342
    -16.0039159
      0.0799637
     16.0838795
     -0.3770304
    -16.9244469
    -16.5474165
     -0.6103371
    -16.3809462
    -16.9912833
     15.9370794
     -0.9074038
    -16.8444832
     -0.5823359
     15.9899162
     16.5722521
    -15.7922907
    -16.0841537
     -0.2918631
     16.3638493
    -16.3746266
     -0.0107773
     16.6557123
     16.5614748
     -0.0942375
