    204.4195223
     -9.4517422
   -193.9677801
    -40.4152982
    -10.9715585
     15.2976085
    -26.2748027
     14.9620983
     12.3127045
      3.7332003
    -27.5976337
      7.5093274
   -171.4960165
     -4.6818486
    177.1778651
     35.6323564
     38.1052794
    -22.3092500
   -101.9876861
     -0.3932196
    102.3809057
     36.4735634
      2.4552251
     -5.2817732
    -91.9518793
     -7.4774780
     99.4293573
     13.0726331
     55.3244928
    -27.0457132
     -1.7489872
     -1.9997838
      3.7487710
     11.6693153
    -24.6719681
     34.9602062
    220.9224327
    -18.3727680
   -201.5496647
     27.9599080
     16.6299001
    -18.0426239
    -44.8449198
     85.9127759
    -40.0678561
     78.4556645
    -15.4321180
    -16.3389196
   -171.5914415
    -66.1568775
    238.7483189
   -105.4562653
     -0.9238141
     33.7450323
    -15.6869241
     95.8029396
    -80.1160155
    204.2152594
     43.0820234
     27.5006564
    -25.1849962
    -28.9912965
     54.1762927
     -7.5540520
     81.7416575
     24.1258539
     69.3963784
    -11.8550707
    -57.5413077
     17.8686831
     24.7631659
     14.1315943
    252.7547679
    -25.6953250
   -226.0594429
    -30.2530784
    -62.9411270
     34.5342190
    -48.0261129
     37.9937418
     11.0323711
     57.0942943
     31.3082174
    -43.9723818
   -200.4745426
    -11.3167913
    212.7913339
    -26.8547173
     31.2129890
     10.1245064
     -5.1366175
     39.0689795
    -33.9323620
    136.8687426
     96.9996727
    -10.8833204
    -31.6487128
     53.0143626
    -21.3656498
    141.8770671
    165.0518611
     79.3964355
    -38.0048614
      7.8405873
     30.1642741
     13.5904325
     62.7411921
     88.9133589
    227.1960116
    -10.6653824
   -215.5306291
     37.7451092
     27.5468238
    -19.1725087
      4.5876519
     34.2935672
    -37.8812190
     35.3487053
    -57.9901426
     43.8711261
   -227.6238426
    -22.5724297
    251.1962723
    -72.4341830
     30.3013784
    -24.2759837
     -8.4817913
     45.0452930
    -36.5635017
    167.8716113
   -138.7619076
    -57.6354247
     30.2646576
    -33.3814705
      3.1168130
   -103.5879260
    140.0454660
    -23.8941516
    -27.4307772
     -0.9583143
     28.3890915
    -42.4945204
     -4.5467618
     77.4419814
    138.5820915
    -11.2588530
   -126.3232386
      9.9155927
     59.0357733
      9.0373321
     58.7851589
     23.4646998
    -81.2498586
    -17.1536261
    -11.4870385
    -10.0436627
   -192.0221082
    -11.0427844
    204.0648926
      7.1047072
    -46.5930456
      0.6866827
     23.7434659
    -35.6775328
     11.9340669
    126.7736677
     64.1595602
    -12.9152453
     95.0213853
    -39.2056677
    -55.8157176
     25.6160134
    130.2371493
    -30.5240046
     51.1925156
     15.6301411
    -66.8226566
    -18.1694261
    -27.2571438
     72.6667623
