        0.00100       25.97867       -1.00792      -25.32812        0.49200       -0.02635        0.06105
        0.00200       26.76288       -0.81206      -26.63170        0.49564       -0.09248        0.13695
        0.00300       27.48332       -0.69520      -27.46474        0.51465       -0.10219        0.15947
        0.00400       28.19835       -0.64584      -28.22074        0.52895       -0.08984        0.19265
        0.00500       28.90110       -0.60571      -28.95527        0.54461       -0.07718        0.22029
        0.00600       29.59495       -0.56908      -29.67775        0.56327       -0.07306        0.23795
        0.00700       30.28548       -0.54097      -30.38844        0.58422       -0.07627        0.24876
        0.00800       30.97130       -0.51619      -31.09093        0.60544       -0.07644        0.25555
        0.00900       31.65481       -0.49939      -31.78328        0.62478       -0.07361        0.26008
        0.01000       32.33487       -0.48716      -32.46757        0.64348       -0.07028        0.26229
        0.01100       33.00970       -0.47515      -33.14629        0.66248       -0.06628        0.26131
        0.01200       33.67916       -0.46292      -33.81982        0.68143       -0.06102        0.25925
        0.01300       34.34381       -0.45145      -34.48773        0.70080       -0.05554        0.25695
        0.01400       35.00364       -0.44044      -35.15027        0.72048       -0.05087        0.25517
        0.01500       35.65910       -0.43055      -35.80725        0.73988       -0.04641        0.25412
        0.01600       36.31033       -0.42185      -36.45871        0.75915       -0.04192        0.25308
        0.01700       36.95682       -0.41326      -37.10527        0.77810       -0.03778        0.25087
        0.01800       37.59887       -0.40515      -37.74682        0.79724       -0.03387        0.24752
        0.01900       38.23651       -0.39748      -38.38344        0.81730       -0.03029        0.24401
        0.02000       38.86948       -0.38965      -39.01549        0.83796       -0.02703        0.24096
        0.02100       39.49802       -0.38196      -39.64289        0.85875       -0.02392        0.23786
        0.02200       40.12206       -0.37423      -40.26580        0.87945       -0.02083        0.23570
        0.02300       40.74155       -0.36618      -40.88439        0.90042       -0.01825        0.23409
        0.02400       41.35634       -0.35741      -41.49894        0.92153       -0.01673        0.23234
        0.02500       41.96645       -0.34781      -42.10956        0.94217       -0.01607        0.22977
        0.02600       42.57183       -0.33725      -42.71637        0.96216       -0.01580        0.22759
        0.02700       43.17312       -0.32681      -43.31889        0.98177       -0.01587        0.22506
        0.02800       43.77066       -0.31706      -43.91690        1.00090       -0.01628        0.22251
        0.02900       44.36454       -0.30826      -44.51027        1.01946       -0.01677        0.22256
        0.03000       44.95441       -0.29947      -45.09955        1.03766       -0.01711        0.22360
        0.03100       45.54003       -0.29002      -45.68517        1.05533       -0.01723        0.22464
        0.03200       46.12170       -0.28044      -46.26690        1.07193       -0.01774        0.22497
        0.03300       46.69949       -0.27089      -46.84468        1.08717       -0.01805        0.22670
        0.03400       47.27328       -0.26101      -47.41874        1.10132       -0.01875        0.22765
        0.03500       47.84238       -0.24946      -47.98975        1.11453       -0.01993        0.22868
        0.03600       48.40692       -0.23621      -48.55785        1.12706       -0.02161        0.23007
        0.03700       48.96689       -0.22122      -49.12308        1.13909       -0.02316        0.22924
        0.03800       49.52242       -0.20464      -49.68540        1.15116       -0.02442        0.22622
        0.03900       50.07346       -0.18631      -50.24493        1.16358       -0.02651        0.22111
        0.04000       50.62017       -0.16642      -50.80165        1.17700       -0.02882        0.21376
        0.04100       51.16289       -0.14549      -51.35538        1.19091       -0.03105        0.20452
        0.04200       51.70203       -0.12450      -51.90555        1.20448       -0.03492        0.19266
        0.04300       52.23728       -0.10292      -52.45238        1.21687       -0.03979        0.18059
        0.04400       52.76882       -0.08085      -52.99595        1.22865       -0.04537        0.16899
        0.04500       53.29682       -0.05838      -53.53634        1.24049       -0.05189        0.15699
        0.04600       53.82183       -0.03678      -54.07285        1.25216       -0.05940        0.14665
        0.04700       54.34372       -0.01579      -54.60560        1.26518       -0.06727        0.13735
        0.04800       54.86211        0.00525      -55.13489        1.27949       -0.07527        0.13030
        0.04900       55.37634        0.02784      -55.66155        1.29442       -0.08264        0.12604
        0.05000       55.88699        0.05118      -56.18535        1.30923       -0.09033        0.12148
        0.05100       56.39432        0.07488      -56.70615        1.32397       -0.09862        0.11622
        0.05200       56.89787        0.09971      -57.22430        1.33967       -0.10755        0.11114
        0.05300       57.39770        0.12565      -57.73982        1.35590       -0.11676        0.10355
        0.05400       57.89403        0.15254      -58.25274        1.37254       -0.12619        0.09460
        0.05500       58.38698        0.18018      -58.76298        1.39021       -0.13535        0.08333
        0.05600       58.87675        0.20815      -59.27034        1.40820       -0.14472        0.06938
        0.05700       59.36425        0.23461      -59.77391        1.42520       -0.15456        0.05556
        0.05800       59.84950        0.25936      -60.27354        1.44178       -0.16524        0.04543
        0.05900       60.33220        0.28309      -60.76958        1.45663       -0.17537        0.03805
        0.06000       60.81261        0.30537      -61.26191        1.46973       -0.18527        0.03006
        0.06100       61.29021        0.32762      -61.75138        1.48251       -0.19549        0.02118
        0.06200       61.76500        0.34986      -62.23800        1.49533       -0.20624        0.01130
        0.06300       62.23760        0.37060      -62.72091        1.50890       -0.21578        0.00054
        0.06400       62.70784        0.39045      -63.20057        1.52365       -0.22412       -0.01082
        0.06500       63.17544        0.41025      -63.67751        1.53912       -0.23209       -0.02291
        0.06600       63.64041        0.43006      -64.15180        1.55465       -0.23960       -0.03598
        0.06700       64.10246        0.45038      -64.62367        1.57005       -0.24564       -0.04899
        0.06800       64.56081        0.47276      -65.09389        1.58488       -0.24969       -0.06004
        0.06900       65.01632        0.49567      -65.56177        1.59934       -0.25290       -0.06961
        0.07000       65.46960        0.51763      -66.02646        1.61287       -0.25513       -0.07435
        0.07100       65.91988        0.54000      -66.48855        1.62515       -0.25656       -0.07592
        0.07200       66.36717        0.56306      -66.94838        1.63672       -0.25800       -0.07825
        0.07300       66.81195        0.58619      -67.40574        1.64796       -0.25940       -0.08091
        0.07400       67.25477        0.60837      -67.86017        1.65883       -0.26052       -0.08357
        0.07500       67.69594        0.62884      -68.31123        1.66958       -0.26126       -0.08366
        0.07600       68.13493        0.64825      -68.75907        1.68095       -0.26202       -0.08420
        0.07700       68.57089        0.66845      -69.20467        1.69354       -0.26250       -0.08762
        0.07800       69.00352        0.69028      -69.64858        1.70706       -0.26209       -0.09148
        0.07900       69.43352        0.71249      -70.09022        1.72192       -0.26033       -0.09563
        0.08000       69.86124        0.73449      -70.52935        1.73790       -0.25757       -0.10018
        0.08100       70.28736        0.75493      -70.96530        1.75400       -0.25452       -0.10413
        0.08200       70.71139        0.77474      -71.39852        1.77003       -0.25149       -0.10719
        0.08300       71.13203        0.79634      -71.83015        1.78573       -0.24878       -0.10862
        0.08400       71.54931        0.81962      -72.26013        1.79929       -0.24690       -0.10784
        0.08500       71.96363        0.84401      -72.68826        1.81117       -0.24577       -0.10701
        0.08600       72.37502        0.86961      -73.11469        1.82217       -0.24456       -0.10640
        0.08700       72.78346        0.89660      -73.53956        1.83198       -0.24250       -0.10622
        0.08800       73.18907        0.92485      -73.96284        1.84049       -0.23998       -0.10677
        0.08900       73.59199        0.95415      -74.38449        1.84861       -0.23725       -0.10720
        0.09000       73.99271        0.98328      -74.80378        1.85722       -0.23470       -0.10657
        0.09100       74.39194        1.01072      -75.21994        1.86596       -0.23305       -0.10512
        0.09200       74.78980        1.03641      -75.63304        1.87459       -0.23123       -0.10350
        0.09300       75.18639        1.06025      -76.04305        1.88363       -0.22802       -0.10017
        0.09400       75.58151        1.08259      -76.45012        1.89399       -0.22229       -0.09521
        0.09500       75.97507        1.10385      -76.85457        1.90457       -0.21490       -0.08890
        0.09600       76.36674        1.12491      -77.25694        1.91483       -0.20656       -0.08181
        0.09700       76.75638        1.14616      -77.65746        1.92463       -0.19762       -0.07408
        0.09800       77.14414        1.16723      -78.05592        1.93346       -0.18876       -0.06621
        0.09900       77.53058        1.18676      -78.45155        1.94190       -0.17981       -0.06190
        0.10000       77.91596        1.20436      -78.84423        1.95059       -0.17065       -0.05979
        0.10100       78.29986        1.22113      -79.23458        1.95967       -0.16129       -0.05788
        0.10200       78.68186        1.23802      -79.62314        1.96811       -0.15118       -0.05597
        0.10300       79.06190        1.25510      -80.00993        1.97496       -0.14068       -0.05308
        0.10400       79.43989        1.27268      -80.39515        1.98084       -0.13009       -0.04885
        0.10500       79.81584        1.29070      -80.77878        1.98662       -0.11933       -0.04483
        0.10600       80.18983        1.30901      -81.16074        1.99231       -0.10814       -0.04144
        0.10700       80.56186        1.32755      -81.54093        1.99702       -0.09643       -0.03621
        0.10800       80.93151        1.34700      -81.91964        2.00037       -0.08460       -0.02917
        0.10900       81.29875        1.36782      -82.29729        2.00318       -0.07227       -0.02228
        0.11000       81.66415        1.38877      -82.67321        2.00597       -0.05999       -0.01486
        0.11100       82.02714        1.41081      -83.04777        2.00837       -0.04888       -0.00749
        0.11200       82.38697        1.43541      -83.42173        2.00990       -0.03851       -0.00008
        0.11300       82.74371        1.46261      -83.79519        2.01025       -0.02820        0.00687
        0.11400       83.09769        1.49163      -84.16771        2.00913       -0.01931        0.01136
        0.11500       83.44929        1.52185      -84.53909        2.00724       -0.01105        0.01357
        0.11600       83.79938        1.55133      -84.90822        2.00609       -0.00287        