    1000.000000000000     
      268.78063      169.95747      264.58242        0.00195
      293.09617      153.16936      148.63666        0.00195
      283.02197      152.14569      324.64644        0.00195
      294.26072      148.42409      157.30281        0.00195
      312.25762      106.60248       22.08339        0.00195
      297.93810       91.24265      222.92880        0.00195
      301.77820       55.28176       80.02082        0.00195
      267.35542       26.64905      316.31494        0.00195
       91.48035       30.61362      325.48744        0.00195
      133.33004      106.27427      201.95447        0.00195
      278.03343      153.41813      230.39357        0.00195
      299.51643       96.17006      123.46072        0.00195
      119.47323       98.30339      117.37498        0.00195
      119.18684       95.66971      304.89650        0.00195
      117.18218       85.11684      144.55500        0.00195
      138.36131      115.11447       15.04059        0.00195
      113.46964      130.41801      186.96918        0.00195
      108.10244      152.50523       57.12280        0.00195
      270.86238      153.02544       46.25706        0.00195
      312.00870      110.19434      289.57079        0.00195
      300.70662       83.47435      146.16444        0.00195
      269.03894       26.99956       44.68610        0.00195
       88.90447       37.25564       70.68522        0.00195
       90.09893      142.41205      285.36350        0.00195
      288.74381       29.57900      298.92941        0.00195
      285.88987       28.18622      123.33222        0.00195
      291.86909       26.87178      302.43477        0.00195
      254.05834       10.74462      204.00048        0.00195
       86.50651       26.59483      226.88011        0.00195
      108.78001       28.27115       31.74265        0.00195
      132.91167       72.15740      248.92485        0.00195
      124.36419       99.72875      117.92792        0.00195
      108.87923      151.18899      328.97243        0.00195
      249.43089      170.98524      331.67898        0.00195
      297.83217      126.49941      242.05188        0.00195
      288.39571       29.05304      120.85216        0.00195
      267.20047      167.93355      262.12953        0.00195
      292.03777      152.90609      148.39017        0.00195
      281.70904      152.39004      323.61320        0.00195
      286.91619      150.66836      150.08419        0.00195
      305.24228      119.93980       13.18796        0.00195
      300.70864       96.62320      214.07610        0.00195
      306.41499       78.86903       63.58110        0.00195
      311.60847       43.17606      272.94083        0.00195
      290.90806       27.34826      121.80297        0.00195
       89.74991       27.05280      224.18530        0.00195
      121.38621       82.97443       57.09817        0.00195
       94.58362      151.66315      306.87939        0.00195
      134.49843       49.65238       86.33431        0.00195
      115.31197       31.04723      295.47810        0.00195
      126.70335       78.93124      152.23121        0.00195
      131.81680       74.89803      337.16374        0.00195
      117.52676       96.73400      209.84877        0.00195
      117.95321       94.56616       37.72268        0.00195
      134.21940      131.64571      272.40481        0.00195
       95.36795      148.12550       92.69545        0.00195
      282.40586      154.71513      142.12672        0.00195
      291.51890      143.06015      352.20374        0.00195
      297.19146       85.34818      233.71288        0.00195
      291.59235       29.81034      118.17554        0.00195
      303.43639       99.92687      296.68763        0.00195
      298.97043       95.55346      125.05698        0.00195
      300.08214       83.64940      326.48316        0.00195
      310.75441       75.59667      156.73225        0.00195
      314.41670       69.51604      343.23193        0.00195
      288.39695       29.41223      212.45247        0.00195
      280.86731       35.65987       91.16501        0.00195
      269.37652       26.79744      314.90739        0.00195
      111.98878       27.10012      301.48407        0.00195
      116.49485       32.70928      199.77980        0.00195
      121.11884       83.14590       56.86338        0.00195
      120.77205      115.91640      286.71474        0.00195
      132.48128      105.74654      112.63348        0.00195
      125.61157      100.36455      298.68635        0.00195
      126.07388      141.97682      167.83972        0.00195
      130.14576      135.89463      358.46551        0.00195
      108.49013      134.71044      184.86584        0.00195
      109.29370      151.78598       58.34874        0.00195
       92.95316      152.83594      227.82057        0.00195
      300.19869      177.29479      299.51883        0.00195
      284.78646      152.17070      145.65440        0.00195
      298.89458      135.12180        1.08470        0.00195
      296.29513       85.95543      232.45095        0.00195
      310.34553       46.03362       92.40922        0.00195
      304.65083       36.72262      281.74560        0.00195
      288.56242       28.84056      121.16260        0.00195
      284.24877       27.29574      308.51643        0.00195
      288.03322       35.30287      189.19173        0.00195
      278.61055       27.71238       37.91197        0.00195
      286.26196       27.45850      213.90205        0.00195
      284.63363        5.45175       77.06333        0.00195
       88.86595       26.76007      135.26739        0.00195
      109.05730       27.75370      302.67117        0.00195
      127.38691       41.12908      184.95071        0.00195
      122.58057       82.16745       58.18564        0.00195
      123.74896       98.69656      300.37571        0.00195
       90.03548      154.13957       68.55454        0.00195
      111.24575      152.73924      328.14889        0.00195
      100.33059      152.62786      142.53851        0.00195
       85.18090      153.29112      312.60716        0.00195
      103.13399      166.92468      194.09433        0.00195
      110.46917      153.50674       57.43550        0.00195
      259.33760      154.11219       38.84108        0.00195
      283.01846      165.80347      284.82455        0.00195
      286.70707      151.73766      147.20152        0.00195
      293.74440      140.83257      355.13880        0.00195
      294.87524       91.18709      226.15480        0.00195
      300.01518       96.42967      123.14155        0.00195
      258.90196       25.98760      321.36153        0.00195
      278.99607       26.49865      129.06261        0.00195
      312.21054       12.07799      308.37418        0.00195
       71.10603        1.74437       22.77200        0.00195
       76.95904       24.37649      231.67150        0.00195
      107.26671       26.56940       34.15736        0.00195
       96.03510       11.89836      266.05257        0.00195
       96.04264       27.40391      129.92690        0.00195
      106.87610       27.80796      304.61279        0.00195
      108.60435       29.85391      207.98549        0.00195
      100.47689       50.05238       75.80776        0.00195
      112.72620       93.46293      304.47072        0.00195
      268.73652      169.90485      264.51892        0.00195
      297.91612      155.18135      148.42882        0.00195
      277.03473      153.11027      319.99998        0.00195
      261.78762      153.55125      130.46300        0.00195
      287.49933      170.18296       17.65791        0.00195
      288.15823      152.60606      237.06540        0.00195
      270.32519      153.06970       45.86781        0.00195
      273.42006      154.02712      276.19608        0.00195
      286.98539      151.67124      147.42700        0.00195
      287.75220      146.28213      346.85784        0.00195
      289.94094      150.74190      240.06746        0.00195
      305.41854      111.36596      109.43465        0.00195
       91.20128       27.05825      133.39901        0.00195
      102.17627       27.43284      306.28840        0.00195
      112.36509       26.76180      122.31545        0.00195
       87.73955       26.35782       37.51594        0.00195
       93.23398       27.13531      222.06100        0.00195
      106.63826       27.57506       33.57994        0.00195
       90.38614       24.60674      279.35544        0.00195
       96.59046       27.46430      129.50335        0.00195
      108.62460       27.77998      303.03478        0.00195
       92.93301       27.30629      221.72408        0.00195
      107.89771       27.55913       34.11107        0.00195
      105.85740       28.50474      302.92887        0.00195
       93.59274      153.45453      228.39420        0.00195
       84.28165      162.99609       65.42634        0.00195
      134.16775      149.27567      343.39922        0.00195
      131.60178      146.50252      164.89441        0.00195
      141.82181      112.90896       16.84669        0.00195
      131.11466       92.11678      222.07441        0.00195
      144.63073       60.95470       77.22350        0.00195
      119.69974       27.15361      296.48071        0.00195
      319.72859       64.18076      343.41183        0.00195
      322.61062      113.10155      196.14501        0.00195
      150.78356      167.93666      246.36674        0.00195
      132.89475      102.69394      116.82722        0.00195
      316.40363      106.20443      111.92743        0.00195
      312.65275      102.25980      297.76112        0.00195
      310.84129       81.26363      147.76876        0.00195
      328.95776      121.03960       10.04188        0.00195
      324.52339      122.03036      190.99456        0.00195
      326.33195      165.87785       56.98029        0.00195
      120.75002      151.14328       65.93835        0.00195
      142.67692      114.38007      285.86827        0.00195
      134.18809       75.66420      154.60165        0.00195
      118.65112       29.07798       24.81392        0.00195
      320.53115       65.26638       73.14488        0.00195
      321.86902      120.23583      282.98204        0.00195
      132.13097       33.13688      285.29211        0.00195
      135.33641       30.77901      106.28480        0.00195
       87.51145       25.60491       42.08587        0.00195
       95.22548       26.60318      220.73514        0.00195
      299.38145       26.88746      206.94501        0.00195
      307.86598       24.43753       30.62527        0.00195
      322.55670       66.14370      253.91273        0.00195
      316.81093      106.90992      111.63510        0.00195
      314.07177      149.11786      342.96824        0.00195
       93.77701      153.57537      318.09458        0.00195
      130.93998       99.04954      215.57421        0.00195
      139.51662       34.21336      101.92410        0.00195
       96.36995      153.22851      230.41707        0.00195
       83.86828      160.05386       59.96846        0.00195
      133.54746      150.16358      342.33658        0.00195
      128.87763      147.78884      162.67952        0.00195
      143.71588      116.59271       14.41992        0.00195
      133.59163      103.78815      206.52903        0.00195
      138.06960       71.82951       69.61700        0.00195
      144.95311       42.15239      273.48884        0.00195
       87.33501       17.93929      200.74544        0.00195
      299.47607       29.27723      204.20152        0.00195
      314.62754       75.18529       65.29145        0.00195
      313.94450      134.37250      271.93286        0.00195
      328.57897       48.88356       86.89453        0.00195
      314.68938       33.18201      288.18117        0.00195
      317.42048       71.96513      158.55244        0.00195
      321.50617       68.21532      342.85350        0.00195
      314.74321      104.43262      203.93948        0.00195
      311.71689      100.37993       30.89610        0.00195
      328.06233      132.73600      271.62666        0.00195
      306.63053      145.60065       75.87842        0.00195
      156.42674      176.26929      158.14905        0.00195
      131.41671      144.24392      348.34745        0.00195
      130.65821       82.57069      235.74973        0.00195
      140.38293       35.03746      101.13925        0.00195
      137.26836      107.26115      291.05156        0.00195
      132.40613      101.87841      118.24794        0.00195
      133.44713       76.63589      333.83206        0.00195
      140.92796       68.91768      162.33451        0.00195
      149.87290       59.82870      350.68668        0.00195
      133.81372       67.19438      248.23536        0.00195
      131.75220       37.23642       99.33729        0.00195
      120.26643       27.96327      295.28211        0.00195
      271.24492       14.14650       12.18016        0.00195
      312.22774       34.00748      194.28785        0.00195
      314.43024       75.42149       65.03657        0.00195
      320.24887      111.81099      288.35773        0.00195
      321.87327      112.58956      106.83361        0.00195
      316.62544      107.24394      292.38488        0.00195
      321.48025      140.22941      167.86521        0.00195
      323.57188      137.44839      357.15169        0.00195
      323.55787      126.84515      187.67888        0.00195
      285.89724      159.14636       22.15397        0.00195
      303.16777      150.45173      247.79737        0.00195
       77.28608      155.56250      218.96972        0.00195
      136.70166      151.08856      162.36249        0.00195
      142.50506      133.14349        2.03209        0.00195
      130.66334       86.25436      230.74165        0.00195
      144.84262       45.28539       98.21199        0.00195
      137.44869       36.35719      280.62937        0.00195
      135.97039       31.74865      105.36719        0.00195
      124.06627       37.43386        7.58083        0.00195
      128.73113       34.40208      193.99642        0.00195
      129.49122       31.37244       17.74315        0.00195
      152.13105       17.67142      202.81594        0.00195
       85.39173       25.87914      137.01427        0.00195
      300.05348       27.77310      115.59962        0.00195
      274.39851       26.70096       33.44374        0.00195
      320.08175       39.36601      186.55733        0.00195
      315.38130       74.29176       66.21893        0.00195
      316.09468      106.39895      292.80812        0.00195
      294.25914      150.55218       64.00732        0.00195
      264.43754      157.71051      234.96629        0.00195
      313.66303      151.39250      161.16239        0.00195
      294.86595      151.88303      332.19319        0.00195
      274.81267      153.29859      139.62576        0.00195
      340.91704      171.06607       68.48442        0.00195
      119.24956      156.59880       58.84989        0.00195
       96.34155      153.15783      230.77250        0.00195
      134.97064      149.66243      163.03223        0.00195
      135.09963      141.65327      352.25248        0.00195
      131.24742       95.94438      218.66191        0.00195
      133.33438      103.23598      116.18002        0.00195
      115.51755       25.58726      300.40516        0.00195
      152.94590       10.44737      112.78314        0.00195
       70.44364        9.42909       32.99330        0.00195
      265.25052       24.46951       47.33671        0.00195
      307.92462       11.71898      217.79852        0.00195
      342.67717        9.73312       17.71535        0.00195
      275.03039       26.69128      310.38583        0.00195
      306.73060       30.36399      109.81913        0.00195
      297.85564       36.78826        5.71263        0.00195
      308.87166       32.41148      197.13119        0.00195
      319.63595       68.33585       71.17829        0.00195
      311.66233       92.40684      309.94193        0.00195
       93.66714      153.44888      228.44807        0.00195
       90.43906      170.43062       78.85895        0.00195
      140.74543      158.96290      336.19173        0.00195
      112.69203      152.46661      150.36624        0.00195
       89.78451      153.74682      316.09600        0.00195
      149.64834      166.56700      239.60631        0.00195
      120.21951      151.31312       65.49993        0.00195
      115.47893      149.99720      245.55723        0.00195
      134.78915      149.54043      163.06129        0.00195
      126.51249      146.85220      343.65255        0.00195
      137.20875      147.32107      255.80157        0.00195
      139.96453      111.34290      108.70059        0.00195
      301.17152       29.22676      113.45980        0.00195
      318.05558       27.06415      288.86073        0.00195
      266.64857       25.35168      222.27411        0.00195
      295.42419       29.52250       25.49510        0.00195
      303.38155       29.37857      202.28594        0.00195
      329.34345       18.82713       23.97512        0.00195
      292.91840       29.24397      296.82365        0.00195
      307.36505       30.57307      109.35030        0.00195
      283.57255       29.01785       22.74496        0.00195
      302.17620       29.99909      202.19508        0.00195
      289.18796       30.37515      111.60444        0.00195
      317.69458       33.03211      283.37075        0.00195
      313.31122      153.67655      249.65724        0.00195
      293.96991      152.25173       62.31942        0.00195
       34.96590      146.51120        9.75588        0.00195
      358.93891      137.46139      179.93253        0.00195
      333.01978      120.90643        9.12025        0.00195
      341.92616       90.89843      223.00813        0.00195
      336.36864       52.42146       84.52947        0.00195
       13.09525       20.59547      263.40150        0.00195
      149.26161       58.58807      349.00674        0.00195
      157.12232      120.10197      187.80852        0.00195
       43.79915      165.24596      297.24861        0.00195
      335.07755      100.84329      116.31696        0.00195
      171.01941       95.33723      104.15003        0.00195
      155.37031       99.16741      300.70214        0.00195
      168.70790       87.93373      148.95486        0.00195
      180.01570      127.09320      359.93186        0.00195
      155.41638      129.05626      184.93242        0.00195
      106.28160      155.21315      330.49938        0.00195
        9.51894      149.75883       92.39025        0.00195
      334.19399      123.28570      277.78061        0.00195
      328.87381       74.80202      154.93774        0.00195
      358.41443       33.00642        0.36686        0.00195
      149.76849       58.35609       79.48172        0.00195
      151.55579      124.72493      278.43907        0.00195
        6.05599       41.84496      269.71206        0.00195
       35.63785       34.88238       80.91907        0.00195
      302.09099       29.32997       22.26427        0.00195
      321.72745       22.62739      200.08966        0.00195
      192.66650       19.26879      173.30197        0.00195
      216.78302       34.89138      354.77005        0.00195
      154.29016       57.71512      261.91275        0.00195
      151.25924      108.96628      106.18992        0.00195
      206.00510      133.38607      357.43564        0.00195
      326.00574      161.98555      338.68202        0.00195
       22.64722      108.34962      250.51196        0.00195
       22.96373       44.90979       90.37782        0.00195
      313.87054      152.26309      251.27658        0.00195
      296.68595      151.71289       64.32863        0.00195
       37.03501      148.11033       11.44151        0.00195
      359.14812      138.96085      179.91872        0.00195
      335.24984      125.76142        6.50574        0.00195
      335.05762      101.82743      212.38223        0.00195
      331.98330       69.23189       75.42795        0.00195
       12.60099       48.68285      270.98065        0.00195
      297.44828       28.48799      204.78034        0.00195
      178.23878       33.82831      180.37485        0.00195
      147.07577       72.68824       68.02674        0.00195
      149.71434      131.95311      273.44794        0.00195
      185.89012       48.96943       90.42997        0.00195
      206.63871       63.46864      282.87058        0.00195
      146.73741       65.98131      164.72878        0.00195
      155.89075       62.56666      350.58683        0.00195
      172.91205       92.54004      196.81223        0.00195
      159.31243       96.27369       38.29564        0.00195
      189.50115      130.61685      269.22660        0.00195
      143.54960      144.25612       80.81152        0.00195
       50.56894      173.92911      215.39262        0.00195
      332.98863      140.68669      355.62570        0.00195
      346.45697       88.01176      236.02684        0.00195
       20.80831       50.83784       94.16231        0.00195
      342.80838      103.11889      284.88777        0.00195
      336.40269       98.36554      121.40386        0.00195
      331.60067       77.23984      334.15959        0.00195
      336.39739       64.48127      169.87714        0.00195
        9.90248       66.25511        7.18974        0.00195
      346.14292       70.25297      232.35853        0.00195
      326.58502       37.28381       97.44643        0.00195
       12.94365       24.82694      264.74786        0.00195
      113.40738       27.67542       27.79226        0.00195
      176.23485       42.77610      180.16002        0.00195
      147.54305       73.36898       67.29003        0.00195
      150.03072      120.16659      280.82319        0.00195
      153.54701      119.82950       99.28710        0.00195
      146.25806      112.88153      286.65563        0.00195
      207.15049      114.53993      166.34709        0.00195
      178.88222      133.65291      359.99779        0.00195
      153.59352      132.74831      182.13464        0.00195
      140.27904      144.79302      358.53143        0.00195
      189.87946      146.72444      271.96208        0.00195
      308.91138      164.90446      236.32704        0.00195
       42.53534      148.55588      193.64408        0.00195
      336.02196      136.15043      359.30082        0.00195
      352.39549       91.30315      236.43360        0.00195
       27.37334       66.05976      103.79495        0.00195
        5.58842       44.99184      270.03446        0.00195
       25.54680       46.11775       91.88885        0.00195
      323.56481       40.42829        3.99433        0.00195
      330.73731       37.74397      186.04855        0.00195
       13.45635       38.09126      358.39534        0.00195
       51.82343       21.60036      158.68701        0.00195
      310.30325       21.66096      116.80072        0.00195
      192.96163       23.76694       84.41074        0.00195
      133.13750       33.85524       12.48478        0.00195
      176.24023       45.23652      180.00667        0.00195
      146.07917       70.48115       70.35397        0.00195
      145.85698      110.89917      287.60926        0.00195
      141.53658      146.56421       78.75421        0.00195
      119.17188      151.16292      246.16585        0.00195
      219.06367      149.87678      193.37310        0.00195
      181.27542      152.93154        0.33090        0.00195
      129.48275      151.22536      160.33826        0.00195
       90.06077      156.33932      317.63234        0.00195
       10.39218      171.27116       97.07407        0.00195
      309.93729      150.77731      250.95123        0.00195
       36.04653      144.78171      188.90855        0.00195
      333.98858      139.34858      356.82954        0.00195
       13.96774      102.85209      245.22646        0.00195
      332.22605      102.81983      114.84134        0.00195
        6.59287       11.62927      266.04674        0.00195
       45.63675       13.59752       61.11760        0.00195
      286.12993       25.22485       34.93360        0.00195
      141.33523        5.24045       31.06374        0.00195
      195.68379        2.80554      168.02155        0.00195
       83.07797       13.12361      124.89571        0.00195
      131.16131       28.20021      289.46674        0.00195
      193.88713       35.72747       87.80773        0.00195
      145.26999       44.08945      359.57283        0.00195
      176.43985       41.29753      180.24246        0.00195
      149.07354       60.30465       78.38085        0.00195
      201.40225       74.22603      289.56215        0.00195
      313.32085      153.63378      249.70422        0.00195
      286.59293      153.54056       56.79065        0.00195
       40.53083      157.39525       20.02992        0.00195
        1.50147      157.75796      180.49574        0.00195
      307.41015      152.94021      337.71445        0.00195
      282.80364      155.39603      147.55546        0.00195
        9.39900      150.64174       92.50218        0.00195
      319.29525      146.56619      257.95070        0.00195
       34.93594      143.94301      188.05668        0.00195
      331.66922      142.42977      354.16664        0.00195
       23.22094      128.13768      264.42654        0.00195
      329.77112      119.60511      101.16297        0.00195
      186.61298       32.29260       88.59397        0.00195
      224.25971       29.22096      253.98472        0.00195
      121.12053       29.08892      202.96399        0.00195
      145.68128       34.06709        9.42948        0.00195
      192.83992       32.41633      177.20050        0.00195
      234.12620       25.13559      338.80464        0.00195
      139.35590       32.98862      282.32380        0.00195
      193.93917       36.28016       87.93760        0.00195
      136.56167       35.85561        9.38653        0.00195
      177.64784       36.30513      180.37883        0.00195
      136.84436       35.66035       99.97602        0.00195
      206.67371       39.39388      266.06043        0.00195
      217.02273      156.86719      289.72725        0.00195
      179.04001      157.43135       90.81420        0.00195
      239.79562      148.92472       20.31864        0.00195
      217.36416      139.31246      184.38481        0.00195
      201.04018      126.19939      355.34552        0.00195
      221.25341       87.77877      222.00022        0.00195
      204.52672       45.38483       90.06283        0.00195
      256.23612       26.95137      234.95803        0.00195
       17.07450       33.88899      351.97810        0.00195
       26.46344      120.93574      171.61545        0.00195
      280.73364      156.03096      318.66674        0.00195
      222.14690       73.81839      113.00140        0.00195
       38.00603       70.12750      108.02817        0.00195
       43.11666       80.05336      301.36970        0.00195
       41.05485      107.98484      158.73579        0.00195
       32.04887      118.09647      348.00193        0.00195
       24.54164      137.03220      181.61796        0.00195
        3.05463      166.35080       10.60685        0.00195
      246.06204      151.61143      117.70891        0.00195
      201.70133      129.82750      267.00309        0.00195
      220.55191       91.49140      138.11798        0.00195
      238.53129       29.51294      337.16836        0.00195
       12.99641       39.97317       87.86469        0.00195
       17.66393      139.74984      272.14910        0.00195
      219.13598       40.00281      264.84261        0.00195
      233.29272       34.65126       77.31952        0.00195
      185.54416       27.38468      357.48305        0.00195
      224.40024       23.61061      157.28618        0.00195
       76.96770       26.83481      144.38028        0.00195
       74.40329       27.96803      336.05432        0.00195
       22.03015       53.47206      274.95293        0.00195
       39.46190       71.99454      109.81333        0.00195
       38.65416      129.45887      353.61876        0.00195
      225.17508      159.02774       26.01148        0.00195
      218.28412      111.99770      252.12373        0.00195
      214.19031       55.33130       99.29805        0.00195
      218.79317      154.36648      288.03264        0.00195
      179.79414      155.84788       91.02919        0.00195
      246.84894      150.92327       26.04018        0.00195
      223.47318      144.17926      190.76397        0.00195
      203.03656      133.30243      359.10745        0.00195
      222.65849      102.95487      240.97042        0.00195
      217.35067      107.19242       70.77448        0.00195
      212.45951       60.49983      281.82667        0.00195
      178.58438       24.16743      179.25462        0.00195
       57.51232       29.76869      157.90249        0.00195
       41.21208       95.12261       52.90242        0.00195
       18.43163      142.54555      273.32944        0.00195
       31.70899       60.23032      101.35240        0.00195
       37.02734       65.80498      286.35420        0.00195
       34.59830       91.56395      141.08958        0.00195
       25.03940       60.43016        8.12427        0.00195
       38.67374       69.89068      198.33319        0.00195
       41.64391       95.67946       51.85083        0.00195
       32.26623      119.17519      258.16377        0.00195
       30.30959      144.07668       97.32849        0.00195
      294.10198      165.90448      226.12807        0.00195
      215.61499      143.91644        8.87725        0.00195
      222.00495      106.49800      246.93758        0.00195
      214.26892       60.39385      102.51606        0.00195
      217.84519       71.23086      288.49902        0.00195
      223.21532       79.31189      120.41149        0.00195
      223.11542      103.31861      333.36730        0.00195
      203.12435       62.54135      187.83714        0.00195
      215.42178       65.76719       15.10329        0.00195
      218.35348       66.98765      198.24794        0.00195
      210.52310       36.74577       83.02967        0.00195
      252.76370       27.41821      237.54235        0.00195
      357.50184       22.18261      359.64015        0.00195
       36.92088       40.70899      175.60814        0.00195
       41.52034       95.79477       53.69678        0.00195
       12.36249      132.40720      269.88252        0.00195
       23.35935      123.19115       83.59981        0.00195
       36.71160       93.15260      316.09608        0.00195
       37.00913      113.67083      163.56351        0.00195
       30.02975      123.63028      351.04783        0.00195
       25.48358      138.84589      182.98840        0.00195
       74.51878      162.03874       87.75059        0.00195
       61.83729      150.72525      294.58520        0.00195
      204.58703      172.76279      290.62990        0.00195
