( -0.000000000000                     , 0.000000000000                      ) 
( 0.000000000000                      , 0.000000000000                      ) 
( 0.000000000000                      , 0.000000000000                      ) 
( 0.000000000000                      , 0.000000000000                      ) 
( 0.000000000000                      , 0.000000000000                      ) 
( 0.000000000000                      , 0.000000000000                      ) 
( 0.000000000000                      , 0.000000000000                      ) 
( 0.000000000000                      , 0.000000000000                      ) 
( -1370.308566659151                  , -0.000000000000                     ) 
( 0.000000000000                      , 0.000000000000                      ) 
( -713.279649419871                   , -0.000000000000                     ) 
( 0.000000000000                      , 0.000000000000                      ) 
( 0.000000000000                      , 0.000000000000                      ) 
( 0.000000000000                      , -3060.238128690480                  ) 
( 0.000000000000                      , 0.000000000000                      ) 
( 0.000000000000                      , 2480.204069549927                   ) 
( 0.000000000000                      , 0.000000000000                      ) 
( -0.000000000000                     , 862.079732912501                    ) 
( -2825.638839389712                  , -0.000000000000                     ) 
( 1715.043733006533                   , 0.000000000000                      ) 
( 0.000000000000                      , 0.000000000000                      ) 
( -0.000000000000                     , 582.834322038116                    ) 
( -0.000000000000                     , -661.808626737870                   ) 
( -0.000000000000                     , -582.834322038116                   ) 
( 0.000000000000                      , 661.808626737870                    ) 
( 2825.638839389712                   , -0.000000000000                     ) 
( -1715.043733006533                  , 0.000000000000                      ) 
( -0.000000000000                     , 3060.238128690480                   ) 
( 0.000000000000                      , 0.000000000000                      ) 
( -0.000000000000                     , -2480.204069549927                  ) 
( 0.000000000000                      , 0.000000000000                      ) 
( -0.000000000000                     , -862.079732912501                   ) 
( 1370.308566659151                   , -0.000000000000                     ) 
( 0.000000000000                      , 0.000000000000                      ) 
( 713.279649419871                    , -0.000000000000                     ) 
( 0.000000000000                      , 0.000000000000                      ) 
( 0.000000000000                      , 0.000000000000                      ) 
( 0.000000000000                      , 0.000000000000                      ) 
( 0.000000000000                      , 0.000000000000                      ) 
( 0.000000000000                      , 0.000000000000                      ) 
( 0.000000000000                      , 0.000000000000                      ) 
( 0.000000000000                      , 0.000000000000                      ) 
( 0.000000000000                      , 0.000000000000                      ) 
( 0.000000000000                      , 0.000000000000                      ) 
( -1001.670407724916                  , -0.000000000000                     ) 
( 0.000000000000                      , 0.000000000000                      ) 
( -605.364122218388                   , 0.000000000000                      ) 
( 0.000000000000                      , 0.000000000000                      ) 
( 0.000000000000                      , 0.000000000000                      ) 
( 0.000000000000                      , 0.000000000000                      ) 
( 0.000000000000                      , 0.000000000000                      ) 
( -0.000000000000                     , 1397.944678670061                   ) 
( 0.000000000000                      , 0.000000000000                      ) 
( -0.000000000000                     , -1215.707611175144                  ) 
( 0.000000000000                      , 0.000000000000                      ) 
( 0.000000000000                      , 0.000000000000                      ) 
( 0.000000000000                      , 0.000000000000                      ) 
( 0.000000000000                      , 0.000000000000                      ) 
( 2423.553803659862                   , -0.000000000000                     ) 
( -1203.119676631482                  , -0.000000000000                     ) 
( -2423.553803659863                  , -0.000000000000                     ) 
( 1203.119676631482                   , -0.000000000000                     ) 
( 0.000000000000                      , 0.000000000000                      ) 
( 0.000000000000                      , 0.000000000000                      ) 
( 0.000000000000                      , -1397.944678670061                  ) 
( 0.000000000000                      , 0.000000000000                      ) 
( 0.000000000000                      , 1215.707611175144                   ) 
( 0.000000000000                      , 0.000000000000                      ) 
( 0.000000000000                      , 0.000000000000                      ) 
( 0.000000000000                      , 0.000000000000                      ) 
( 0.000000000000                      , 0.000000000000                      ) 
( 1001.670407724916                   , -0.000000000000                     ) 
( 0.000000000000                      , 0.000000000000                      ) 
( 605.364122218388                    , 0.000000000000                      ) 
( 0.000000000000                      , 0.000000000000                      ) 
( 0.000000000000                      , 0.000000000000                      ) 
( 0.000000000000                      , 0.000000000000                      ) 
( 0.000000000000                      , 0.000000000000                      ) 
( 0.000000000000                      , 0.000000000000                      ) 
( 0.000000000000                      , 0.000000000000                      ) 
( 0.000000000000                      , 0.000000000000                      ) 
( 0.000000000000                      , 0.000000000000                      ) 
( 0.000000000000                      , 0.000000000000                      ) 
( 0.000000000000                      , 0.000000000000                      ) 
( 0.000000000000                      , 0.000000000000                      ) 
( 0.000000000000                      , 0.000000000000                      ) 
( 0.000000000000                      , 0.000000000000                      ) 
( 870.260704888236                    , 0.000000000000                      ) 
( 0.000000000000                      , 0.000000000000                      ) 
( 0.000000000000                      , 0.000000000000                      ) 
( 0.000000000000                      , 0.000000000000                      ) 
( 0.000000000000                      , 0.000000000000                      ) 
( 0.000000000000                      , 0.000000000000                      ) 
( 0.000000000000                      , 0.000000000000                      ) 
( 0.000000000000                      , 0.000000000000                      ) 
( 0.000000000000                      , 0.000000000000                      ) 
( -0.000000000000                     , -586.533822298993                   ) 
( 0.000000000000                      , 0.000000000000                      ) 
( 0.000000000000                      , 0.000000000000                      ) 
( -1317.847245831334                  , 0.000000000000                      ) 
( 1317.847245831334                   , -0.000000000000                     ) 
( 0.000000000000                      , 0.000000000000                      ) 
( 0.000000000000                      , 0.000000000000                      ) 
( 0.000000000000                      , 0.000000000000                      ) 
( 0.000000000000                      , 0.000000000000                      ) 
( -0.000000000000                     , 586.533822298993                    ) 
( 0.000000000000                      , 0.000000000000                      ) 
( 0.000000000000                      , 0.000000000000                      ) 
( -870.260704888236                   , -0.000000000000                     ) 
( 0.000000000000                      , 0.000000000000                      ) 
( 0.000000000000                      , 0.000000000000                      ) 
( 0.000000000000                      , 0.000000000000                      ) 
( 0.000000000000                      , 0.000000000000                      ) 
( 0.000000000000                      , 0.000000000000                      ) 
( 0.000000000000                      , 0.000000000000                      ) 
( 0.000000000000                      , 0.000000000000                      ) 
( 0.000000000000                      , 0.000000000000                      ) 
( 0.000000000000                      , 0.000000000000                      ) 
( 0.000000000000                      , 0.000000000000                      ) 
( 0.000000000000                      , 0.000000000000                      ) 
( 1057.081907761839                   , -0.000000000000                     ) 
( 1402.254958827905                   , 0.000000000000                      ) 
( 0.000000000000                      , 0.000000000000                      ) 
( 0.000000000000                      , 0.000000000000                      ) 
( 0.000000000000                      , 658.122169297835                    ) 
( -0.000000000000                     , -658.122169297835                   ) 
( 0.000000000000                      , 0.000000000000                      ) 
( 0.000000000000                      , 0.000000000000                      ) 
( -1057.081907761839                  , 0.000000000000                      ) 
( -1402.254958827905                  , -0.000000000000                     ) 
( 0.000000000000                      , 0.000000000000                      ) 
( 0.000000000000                      , 0.000000000000                      ) 
( 0.000000000000                      , 0.000000000000                      ) 
( 0.000000000000                      , 0.000000000000                      ) 
( 0.000000000000                      , 0.000000000000                      ) 
( 0.000000000000                      , 0.000000000000                      ) 
( 0.000000000000                      , 0.000000000000                      ) 
( 0.000000000000                      , 0.000000000000                      ) 
( 0.000000000000                      , 0.000000000000                      ) 
( 0.000000000000                      , 0.000000000000                      ) 
( 0.000000000000                      , 0.000000000000                      ) 
( 0.000000000000                      , 0.000000000000                      ) 
( 0.000000000000                      , 0.000000000000                      ) 
( 0.000000000000                      , 0.000000000000                      ) 
( 0.000000000000                      , 0.000000000000                      ) 
( 0.000000000000                      , 0.000000000000                      ) 
( 0.000000000000                      , 0.000000000000                      ) 
( 0.000000000000                      , 0.000000000000                      ) 
( 0.000000000000                      , 0.000000000000                      ) 
( 0.000000000000                      , 0.000000000000                      ) 
( 0.000000000000                      , 0.000000000000                      ) 
( 0.000000000000                      , 0.000000000000                      ) 
( 0.000000000000                      , 0.000000000000                      ) 
( 0.000000000000                      , 0.000000000000                      ) 
( 0.000000000000                      , 0.000000000000                      ) 
( 0.000000000000                      , 0.000000000000                      ) 
( 0.000000000000                      , 0.000000000000                      ) 
( 0.000000000000                      , 0.000000000000                      ) 
( 0.000000000000                      , 0.000000000000                      ) 
( 1057.081907761839                   , -0.000000000000                     ) 
( 1402.254958827905                   , 0.000000000000                      ) 
( 0.000000000000                      , 0.000000000000                      ) 
( 0.000000000000                      , 0.000000000000                      ) 
( 0.000000000000                      , 658.122169297835                    ) 
( -0.000000000000                     , -658.122169297835                   ) 
( 0.000000000000                      , 0.000000000000                      ) 
( 0.000000000000                      , 0.000000000000                      ) 
( -1057.081907761839                  , -0.000000000000                     ) 
( -1402.254958827905                  , -0.000000000000                     ) 
( 0.000000000000                      , 0.000000000000                      ) 
( 0.000000000000                      , 0.000000000000                      ) 
( 0.000000000000                      , 0.000000000000                      ) 
( 0.000000000000                      , 0.000000000000                      ) 
( 0.000000000000                      , 0.000000000000                      ) 
( 0.000000000000                      , 0.000000000000                      ) 
( 0.000000000000                      , 0.000000000000                      ) 
( 0.000000000000                      , 0.000000000000                      ) 
( 0.000000000000                      , 0.000000000000                      ) 
( 0.000000000000                      , 0.000000000000                      ) 
( 0.000000000000                      , 0.000000000000                      ) 
( 870.260704888236                    , 0.000000000000                      ) 
( 0.000000000000                      , 0.000000000000                      ) 
( 0.000000000000                      , 0.000000000000                      ) 
( 0.000000000000                      , 0.000000000000                      ) 
( 0.000000000000                      , 0.000000000000                      ) 
( 0.000000000000                      , 0.000000000000                      ) 
( 0.000000000000                      , 0.000000000000                      ) 
( 0.000000000000                      , 0.000000000000                      ) 
( 0.000000000000                      , 0.000000000000                      ) 
( -0.000000000000                     , -586.533822298993                   ) 
( 0.000000000000                      , 0.000000000000                      ) 
( 0.000000000000                      , 0.000000000000                      ) 
( -1317.847245831334                  , -0.000000000000                     ) 
( 1317.847245831334                   , 0.000000000000                      ) 
( 0.000000000000                      , 0.000000000000                      ) 
( 0.000000000000                      , 0.000000000000                      ) 
( 0.000000000000                      , 0.000000000000                      ) 
( 0.000000000000                      , 0.000000000000                      ) 
( 0.000000000000                      , 586.533822298993                    ) 
( 0.000000000000                      , 0.000000000000                      ) 
( 0.000000000000                      , 0.000000000000                      ) 
( -870.260704888236                   , -0.000000000000                     ) 
( 0.000000000000                      , 0.000000000000                      ) 
( 0.000000000000                      , 0.000000000000                      ) 
( 0.000000000000                      , 0.000000000000                      ) 
( 0.000000000000                      , 0.000000000000                      ) 
( 0.000000000000                      , 0.000000000000                      ) 
( 0.000000000000                      , 0.000000000000                      ) 
( 0.000000000000                      , 0.000000000000                      ) 
( 0.000000000000                      , 0.000000000000                      ) 
( 0.000000000000                      , 0.000000000000                      ) 
( 0.000000000000                      , 0.000000000000                      ) 
( 0.000000000000                      , 0.000000000000                      ) 
( 0.000000000000                      , 0.000000000000                      ) 
( 0.000000000000                      , 0.000000000000                      ) 
( -1001.670407724916                  , -0.000000000000                     ) 
( 0.000000000000                      , 0.000000000000                      ) 
( -605.364122218388                   , 0.000000000000                      ) 
( 0.000000000000                      , 0.000000000000                      ) 
( 0.000000000000                      , 0.000000000000                      ) 
( 0.000000000000                      , 0.000000000000                      ) 
( 0.000000000000                      , 0.000000000000                      ) 
( 0.000000000000                      , 1397.944678670061                   ) 
( 0.000000000000                      , 0.000000000000                      ) 
( -0.000000000000                     , -1215.707611175144                  ) 
( 0.000000000000                      , 0.000000000000                      ) 
( 0.000000000000                      , 0.000000000000                      ) 
( 0.000000000000                      , 0.000000000000                      ) 
( 0.000000000000                      , 0.000000000000                      ) 
( 2423.553803659863                   , -0.000000000000                     ) 
( -1203.119676631482                  , 0.000000000000                      ) 
( -2423.553803659863                  , -0.000000000000                     ) 
( 1203.119676631482                   , -0.000000000000                     ) 
( 0.000000000000                      , 0.000000000000                      ) 
( 0.000000000000                      , 0.000000000000                      ) 
( 0.000000000000                      , -1397.944678670061                  ) 
( 0.000000000000                      , 0.000000000000                      ) 
( 0.000000000000                      , 1215.707611175144                   ) 
( 0.000000000000                      , 0.000000000000                      ) 
( 0.000000000000                      , 0.000000000000                      ) 
( 0.000000000000                      , 0.000000000000                      ) 
( 0.000000000000                      , 0.000000000000                      ) 
( 1001.670407724916                   , 0.000000000000                      ) 
( 0.000000000000                      , 0.000000000000                      ) 
( 605.364122218388                    , 0.000000000000                      ) 
( 0.000000000000                      , 0.000000000000                      ) 
( 0.000000000000                      , 0.000000000000                      ) 
( 0.000000000000                      , 0.000000000000                      ) 
( 0.000000000000                      , 0.000000000000                      ) 
( 0.000000000000                      , 0.000000000000                      ) 
( 0.000000000000                      , 0.000000000000                      ) 
( 0.000000000000                      , 0.000000000000                      ) 
( 0.000000000000                      , 0.000000000000                      ) 
( 0.000000000000                      , 0.000000000000                      ) 
( 708.632189572570                    , 0.000000000000                      ) 
( 0.000000000000                      , 0.000000000000                      ) 
( 1920.495957505552                   , 0.000000000000                      ) 
( 0.000000000000                      , 0.000000000000                      ) 
( 0.000000000000                      , 0.000000000000                      ) 
( 0.000000000000                      , 0.000000000000                      ) 
( 0.000000000000                      , 0.000000000000                      ) 
( 0.000000000000                      , 0.000000000000                      ) 
( 0.000000000000                      , 0.000000000000                      ) 
( 6743.323428432941                   , 0.000000000000                      ) 
( -3252.890882057462                  , -0.000000000000                     ) 
( 0.000000000000                      , 0.000000000000                      ) 
( 0.000000000000                      , 0.000000000000                      ) 
( -6743.323428432941                  , -0.000000000000                     ) 
( 3252.890882057462                   , -0.000000000000                     ) 
( 0.000000000000                      , 0.000000000000                      ) 
( 0.000000000000                      , 0.000000000000                      ) 
( 0.000000000000                      , 0.000000000000                      ) 
( 0.000000000000                      , 0.000000000000                      ) 
( -708.632189572570                   , 0.000000000000                      ) 
( 0.000000000000                      , 0.000000000000                      ) 
( -1920.495957505552                  , 0.000000000000                      ) 
( 0.000000000000                      , 0.000000000000                      ) 
( 0.000000000000                      , -972.628944736351                   ) 
( 0.000000000000                      , -825.787723111613                   ) 
( 0.000000000000                      , 0.000000000000                      ) 
( 0.000000000000                      , 0.000000000000                      ) 
( 0.000000000000                      , 0.000000000000                      ) 
( 0.000000000000                      , 0.000000000000                      ) 
( 0.000000000000                      , 0.000000000000                      ) 
( 0.000000000000                      , 0.000000000000                      ) 
( 0.000000000000                      , 0.000000000000                      ) 
( 0.000000000000                      , 0.000000000000                      ) 
( 0.000000000000                      , -771.127845728254                   ) 
( 0.000000000000                      , 0.000000000000                      ) 
( 0.000000000000                      , 615.307763960564                    ) 
( 0.000000000000                      , 0.000000000000                      ) 
( 0.000000000000                      , 0.000000000000                      ) 
( 0.000000000000                      , 0.000000000000                      ) 
( 3998.112691275414                   , 0.000000000000                      ) 
( -1672.342433293423                  , -0.000000000000                     ) 
( 0.000000000000                      , 0.000000000000                      ) 
( 0.000000000000                      , 0.000000000000                      ) 
( 3998.112691275415                   , -0.000000000000                     ) 
( -1672.342433293423                  , -0.000000000000                     ) 
( 0.000000000000                      , 0.000000000000                      ) 
( 0.000000000000                      , 0.000000000000                      ) 
( 0.000000000000                      , -771.127845728254                   ) 
( 0.000000000000                      , 0.000000000000                      ) 
( -0.000000000000                     , 615.307763960564                    ) 
( 0.000000000000                      , 0.000000000000                      ) 
( 0.000000000000                      , 0.000000000000                      ) 
( 0.000000000000                      , 0.000000000000                      ) 
( 0.000000000000                      , 0.000000000000                      ) 
( 0.000000000000                      , 0.000000000000                      ) 
( 0.000000000000                      , 0.000000000000                      ) 
( 0.000000000000                      , 0.000000000000                      ) 
( 0.000000000000                      , 0.000000000000                      ) 
( 0.000000000000                      , 0.000000000000                      ) 
( 0.000000000000                      , 0.000000000000                      ) 
( 0.000000000000                      , 0.000000000000                      ) 
( 0.000000000000                      , 0.000000000000                      ) 
( 0.000000000000                      , 0.000000000000                      ) 
( 0.000000000000                      , 0.000000000000                      ) 
( 0.000000000000                      , 0.000000000000                      ) 
( 629.622138273133                    , 0.000000000000                      ) 
( 0.000000000000                      , 0.000000000000                      ) 
( 0.000000000000                      , 0.000000000000                      ) 
( 0.000000000000                      , 0.000000000000                      ) 
( 0.000000000000                      , 0.000000000000                      ) 
( 0.000000000000                      , 0.000000000000                      ) 
( 0.000000000000                      , 0.000000000000                      ) 
( 0.000000000000                      , 0.000000000000                      ) 
( 0.000000000000                      , 0.000000000000                      ) 
( -1045.104793930376                  , 0.000000000000                      ) 
( 806.823178408324                    , 0.000000000000                      ) 
( 1045.104793930376                   , 0.000000000000                      ) 
( -806.823178408324                   , -0.000000000000                     ) 
( 0.000000000000                      , 0.000000000000                      ) 
( 0.000000000000                      , 0.000000000000                      ) 
( 0.000000000000                      , 0.000000000000                      ) 
( 0.000000000000                      , 0.000000000000                      ) 
( 0.000000000000                      , 0.000000000000                      ) 
( 0.000000000000                      , 0.000000000000                      ) 
( -629.622138273133                   , -0.000000000000                     ) 
( 0.000000000000                      , 0.000000000000                      ) 
( 0.000000000000                      , 0.000000000000                      ) 
( 0.000000000000                      , 0.000000000000                      ) 
( 0.000000000000                      , 0.000000000000                      ) 
( 0.000000000000                      , 0.000000000000                      ) 
( 1456.725754350988                   , 0.000000000000                      ) 
( 0.000000000000                      , 0.000000000000                      ) 
( 1517.770037469734                   , 0.000000000000                      ) 
( 0.000000000000                      , 0.000000000000                      ) 
( -0.000000000000                     , 1437.677339641180                   ) 
( -0.000000000000                     , -1376.691079638139                  ) 
( 0.000000000000                      , 0.000000000000                      ) 
( 0.000000000000                      , 0.000000000000                      ) 
( -3142.583713160112                  , -0.000000000000                     ) 
( 1704.864273837406                   , 0.000000000000                      ) 
( -3142.583713160113                  , -0.000000000000                     ) 
( 1704.864273837406                   , 0.000000000000                      ) 
( 0.000000000000                      , 0.000000000000                      ) 
( 0.000000000000                      , 0.000000000000                      ) 
( -0.000000000000                     , 1437.677339641180                   ) 
( 0.000000000000                      , -1376.691079638139                  ) 
( 0.000000000000                      , 0.000000000000                      ) 
( 1456.725754350988                   , -0.000000000000                     ) 
( 0.000000000000                      , 0.000000000000                      ) 
( 1517.770037469734                   , -0.000000000000                     ) 
( 0.000000000000                      , 0.000000000000                      ) 
( 0.000000000000                      , 0.000000000000                      ) 
( 0.000000000000                      , 0.000000000000                      ) 
( 0.000000000000                      , 0.000000000000                      ) 
( 0.000000000000                      , 0.000000000000                      ) 
( 0.000000000000                      , 0.000000000000                      ) 
( -587.552012744565                   , 0.000000000000                      ) 
( 0.000000000000                      , 0.000000000000                      ) 
( 0.000000000000                      , 0.000000000000                      ) 
( -0.000000000000                     , 2314.874183005066                   ) 
( -0.000000000000                     , -2173.511728026389                  ) 
( 0.000000000000                      , 0.000000000000                      ) 
( 0.000000000000                      , 0.000000000000                      ) 
( -1933.503195233051                  , -0.000000000000                     ) 
( 1210.387801688573                   , 0.000000000000                      ) 
( 0.000000000000                      , 0.000000000000                      ) 
( 0.000000000000                      , 0.000000000000                      ) 
( 1933.503195233052                   , -0.000000000000                     ) 
( -1210.387801688573                  , 0.000000000000                      ) 
( 0.000000000000                      , 0.000000000000                      ) 
( 0.000000000000                      , 0.000000000000                      ) 
( 0.000000000000                      , -2314.874183005066                  ) 
( -0.000000000000                     , 2173.511728026390                   ) 
( 0.000000000000                      , 0.000000000000                      ) 
( 0.000000000000                      , 0.000000000000                      ) 
( 587.552012744565                    , -0.000000000000                     ) 
( 0.000000000000                      , 0.000000000000                      ) 
( 0.000000000000                      , 0.000000000000                      ) 
( -0.000000000000                     , 700.424220932491                    ) 
( -0.000000000000                     , 680.957005949839                    ) 
( 0.000000000000                      , 0.000000000000                      ) 
( 0.000000000000                      , 0.000000000000                      ) 
( -1378.506771683724                  , -0.000000000000                     ) 
( -1808.005545017112                  , -0.000000000000                     ) 
( 0.000000000000                      , 0.000000000000                      ) 
( 0.000000000000                      , 0.000000000000                      ) 
( 0.000000000000                      , 0.000000000000                      ) 
( -0.000000000000                     , 1327.675363438468                   ) 
( 0.000000000000                      , -1172.122884399618                  ) 
( 0.000000000000                      , 0.000000000000                      ) 
( 0.000000000000                      , 0.000000000000                      ) 
( -560.679837830446                   , -0.000000000000                     ) 
( 0.000000000000                      , 0.000000000000                      ) 
( 0.000000000000                      , 0.000000000000                      ) 
( -0.000000000000                     , 1327.675363438468                   ) 
( 0.000000000000                      , -1172.122884399618                  ) 
( 0.000000000000                      , 0.000000000000                      ) 
( 0.000000000000                      , 0.000000000000                      ) 
( -1378.506771683724                  , -0.000000000000                     ) 
( -1808.005545017112                  , -0.000000000000                     ) 
( 0.000000000000                      , 0.000000000000                      ) 
( 0.000000000000                      , 0.000000000000                      ) 
( 0.000000000000                      , 0.000000000000                      ) 
( 0.000000000000                      , 0.000000000000                      ) 
( 0.000000000000                      , 0.000000000000                      ) 
( -819.462743025220                   , -0.000000000000                     ) 
( 0.000000000000                      , 0.000000000000                      ) 
( 0.000000000000                      , 0.000000000000                      ) 
( 0.000000000000                      , 0.000000000000                      ) 
( 0.000000000000                      , 0.000000000000                      ) 
( 819.462743025220                    , 0.000000000000                      ) 
( 0.000000000000                      , 0.000000000000                      ) 
( 0.000000000000                      , 0.000000000000                      ) 
( 0.000000000000                      , 1476.287264817280                   ) 
( 0.000000000000                      , 1339.508743908300                   ) 
( -0.000000000000                     , 714.880988174324                    ) 
( 0.000000000000                      , 0.000000000000                      ) 
( 0.000000000000                      , -693.605230749563                   ) 
( -0.000000000000                     , -849.425963847964                   ) 
( 0.000000000000                      , 0.000000000000                      ) 
( -0.000000000000                     , -693.605230749563                   ) 
( -0.000000000000                     , -849.425963847964                   ) 
( -0.000000000000                     , 1476.287264817280                   ) 
( 0.000000000000                      , 1339.508743908300                   ) 
( -0.000000000000                     , 714.880988174324                    ) 
( 0.000000000000                      , 0.000000000000                      ) 
( 0.000000000000                      , 0.000000000000                      ) 
( -819.462743025220                   , -0.000000000000                     ) 
( 0.000000000000                      , 0.000000000000                      ) 
( 0.000000000000                      , 0.000000000000                      ) 
( 0.000000000000                      , 0.000000000000                      ) 
( 0.000000000000                      , 0.000000000000                      ) 
( 819.462743025220                    , 0.000000000000                      ) 
( 0.000000000000                      , 0.000000000000                      ) 
( 0.000000000000                      , 0.000000000000                      ) 
( -0.000000000000                     , 700.424220932491                    ) 
( -0.000000000000                     , 680.957005949839                    ) 
( 0.000000000000                      , 0.000000000000                      ) 
( 0.000000000000                      , 0.000000000000                      ) 
( -1378.506771683724                  , -0.000000000000                     ) 
( -1808.005545017112                  , -0.000000000000                     ) 
( 0.000000000000                      , 0.000000000000                      ) 
( 0.000000000000                      , 0.000000000000                      ) 
( 0.000000000000                      , 0.000000000000                      ) 
( -0.000000000000                     , 1327.675363438468                   ) 
( 0.000000000000                      , -1172.122884399618                  ) 
( 0.000000000000                      , 0.000000000000                      ) 
( 0.000000000000                      , 0.000000000000                      ) 
( -560.679837830446                   , -0.000000000000                     ) 
( -560.679837830446                   , -0.000000000000                     ) 
( 0.000000000000                      , 0.000000000000                      ) 
( 0.000000000000                      , 0.000000000000                      ) 
( -0.000000000000                     , 1327.675363438468                   ) 
( 0.000000000000                      , -1172.122884399618                  ) 
( 0.000000000000                      , 0.000000000000                      ) 
( 0.000000000000                      , 0.000000000000                      ) 
( -1378.506771683724                  , -0.000000000000                     ) 
( -1808.005545017112                  , -0.000000000000                     ) 
( 0.000000000000                      , 0.000000000000                      ) 
( 0.000000000000                      , 0.000000000000                      ) 
( 0.000000000000                      , 0.000000000000                      ) 
( 0.000000000000                      , 0.000000000000                      ) 
( 0.000000000000                      , 0.000000000000                      ) 
( 0.000000000000                      , 0.000000000000                      ) 
( -587.552012744565                   , -0.000000000000                     ) 
( 0.000000000000                      , 0.000000000000                      ) 
( 0.000000000000                      , 0.000000000000                      ) 
( -0.000000000000                     , 2314.874183005066                   ) 
( 0.000000000000                      , -2173.511728026390                  ) 
( 0.000000000000                      , 0.000000000000                      ) 
( 0.000000000000                      , 0.000000000000                      ) 
( -1933.503195233051                  , 0.000000000000                      ) 
( 1210.387801688573                   , 0.000000000000                      ) 
( 0.000000000000                      , 0.000000000000                      ) 
( 0.000000000000                      , 0.000000000000                      ) 
( 1933.503195233052                   , 0.000000000000                      ) 
( -1210.387801688573                  , -0.000000000000                     ) 
( 0.000000000000                      , 0.000000000000                      ) 
( 0.000000000000                      , 0.000000000000                      ) 
( 0.000000000000                      , -2314.874183005066                  ) 
( -0.000000000000                     , 2173.511728026390                   ) 
( 0.000000000000                      , 0.000000000000                      ) 
( 0.000000000000                      , 0.000000000000                      ) 
( 587.552012744565                    , 0.000000000000                      ) 
( 0.000000000000                      , 0.000000000000                      ) 
( 0.000000000000                      , 0.000000000000                      ) 
( 0.000000000000                      , 0.000000000000                      ) 
( 0.000000000000                      , 0.000000000000                      ) 
( 1456.725754350988                   , 0.000000000000                      ) 
( 0.000000000000                      , 0.000000000000                      ) 
( 1517.770037469734                   , 0.000000000000                      ) 
( 0.000000000000                      , 0.000000000000                      ) 
( -0.000000000000                     , 1437.677339641180                   ) 
( -0.000000000000                     , -1376.691079638139                  ) 
( 0.000000000000                      , 0.000000000000                      ) 
( 0.000000000000                      , 0.000000000000                      ) 
( -3142.583713160112                  , -0.000000000000                     ) 
( 1704.864273837406                   , 0.000000000000                      ) 
( -3142.583713160113                  , -0.000000000000                     ) 
( 1704.864273837406                   , 0.000000000000                      ) 
( 0.000000000000                      , 0.000000000000                      ) 
( 0.000000000000                      , 0.000000000000                      ) 
( -0.000000000000                     , 1437.677339641180                   ) 
( 0.000000000000                      , -1376.691079638139                  ) 
( 0.000000000000                      , 0.000000000000                      ) 
( 1456.725754350988                   , 0.000000000000                      ) 
( 0.000000000000                      , 0.000000000000                      ) 
( 1517.770037469734                   , 0.000000000000                      ) 
( 0.000000000000                      , 0.000000000000                      ) 
( 0.000000000000                      , 0.000000000000                      ) 
( 0.000000000000                      , 0.000000000000                      ) 
( 0.000000000000                      , 0.000000000000                      ) 
( 0.000000000000                      , 0.000000000000                      ) 
( 0.000000000000                      , 0.000000000000                      ) 
( 0.000000000000                      , 0.000000000000                      ) 
( 0.000000000000                      , 0.000000000000                      ) 
( 629.622138273133                    , 0.000000000000                      ) 
( 0.000000000000                      , 0.000000000000                      ) 
( 0.000000000000                      , 0.000000000000                      ) 
( 0.000000000000                      , 0.000000000000                      ) 
( 0.000000000000                      , 0.000000000000                      ) 
( 0.000000000000                      , 0.000000000000                      ) 
( 0.000000000000                      , 0.000000000000                      ) 
( 0.000000000000                      , 0.000000000000                      ) 
( 0.000000000000                      , 0.000000000000                      ) 
( -1045.104793930376                  , -0.000000000000                     ) 
( 806.823178408324                    , 0.000000000000                      ) 
( 0.000000000000                      , 0.000000000000                      ) 
( 1045.104793930376                   , -0.000000000000                     ) 
( -806.823178408324                   , -0.000000000000                     ) 
( 0.000000000000                      , 0.000000000000                      ) 
( 0.000000000000                      , 0.000000000000                      ) 
( 0.000000000000                      , 0.000000000000                      ) 
( 0.000000000000                      , 0.000000000000                      ) 
( 0.000000000000                      , 0.000000000000                      ) 
( 0.000000000000                      , 0.000000000000                      ) 
( -629.622138273133                   , 0.000000000000                      ) 
( 0.000000000000                      , 0.000000000000                      ) 
( 0.000000000000                      , 0.000000000000                      ) 
( 0.000000000000                      , 0.000000000000                      ) 
( -0.000000000000                     , -972.628944736351                   ) 
( -0.000000000000                     , -825.787723111613                   ) 
( 0.000000000000                      , 0.000000000000                      ) 
( 0.000000000000                      , 0.000000000000                      ) 
( 0.000000000000                      , 0.000000000000                      ) 
( 0.000000000000                      , 0.000000000000                      ) 
( 0.000000000000                      , 0.000000000000                      ) 
( 0.000000000000                      , 0.000000000000                      ) 
( 0.000000000000                      , 0.000000000000                      ) 
( 0.000000000000                      , 0.000000000000                      ) 
( 0.000000000000                      , -771.127845728254                   ) 
( 0.000000000000                      , 0.000000000000                      ) 
( 0.000000000000                      , 615.307763960564                    ) 
( 0.000000000000                      , 0.000000000000                      ) 
( 0.000000000000                      , 0.000000000000                      ) 
( 0.000000000000                      , 0.000000000000                      ) 
( 3998.112691275415                   , 0.000000000000                      ) 
( -1672.342433293423                  , -0.000000000000                     ) 
( 0.000000000000                      , 0.000000000000                      ) 
( 0.000000000000                      , 0.000000000000                      ) 
( 3998.112691275414                   , 0.000000000000                      ) 
( -1672.342433293423                  , -0.000000000000                     ) 
( 0.000000000000                      , 0.000000000000                      ) 
( 0.000000000000                      , 0.000000000000                      ) 
( 0.000000000000                      , -771.127845728254                   ) 
( 0.000000000000                      , 0.000000000000                      ) 
( -0.000000000000                     , 615.307763960564                    ) 
( 0.000000000000                      , 0.000000000000                      ) 
( 0.000000000000                      , 0.000000000000                      ) 
( 0.000000000000                      , 0.000000000000                      ) 
( 0.000000000000                      , 0.000000000000                      ) 
( 0.000000000000                      , 0.000000000000                      ) 
( 0.000000000000                      , 0.000000000000                      ) 
( 0.000000000000                      , 0.000000000000                      ) 
( 0.000000000000                      , 0.000000000000                      ) 
( 0.000000000000                      , 0.000000000000                      ) 
( 0.000000000000                      , 0.000000000000                      ) 
( 0.000000000000                      , 0.000000000000                      ) 
( 0.000000000000                      , 0.000000000000                      ) 
( 0.000000000000                      , 0.000000000000                      ) 
( 0.000000000000                      , 0.000000000000                      ) 
( 0.000000000000                      , 0.000000000000                      ) 
( 0.000000000000                      , 0.000000000000                      ) 
( 0.000000000000                      , 0.000000000000                      ) 
( 0.000000000000                      , 0.000000000000                      ) 
( 0.000000000000                      , 0.000000000000                      ) 
( 0.000000000000                      , 0.000000000000                      ) 
( 0.000000000000                      , 0.000000000000                      ) 
( 0.000000000000                      , 0.000000000000                      ) 
( 0.000000000000                      , 0.000000000000                      ) 
( 0.000000000000                      , 0.000000000000                      ) 
( 0.000000000000                      , 0.000000000000                      ) 
( 0.000000000000                      , -819.220876568005                   ) 
( -0.000000000000                     , -803.530424275386                   ) 
( 0.000000000000                      , 0.000000000000                      ) 
( 0.000000000000                      , 0.000000000000                      ) 
( 0.000000000000                      , 0.000000000000                      ) 
( 0.000000000000                      , 0.000000000000                      ) 
( 0.000000000000                      , 0.000000000000                      ) 
( 0.000000000000                      , 0.000000000000                      ) 
( 0.000000000000                      , 0.000000000000                      ) 
( 0.000000000000                      , 0.000000000000                      ) 
( 0.000000000000                      , 0.000000000000                      ) 
( 0.000000000000                      , 0.000000000000                      ) 
( 0.000000000000                      , 0.000000000000                      ) 
( 0.000000000000                      , 0.000000000000                      ) 
( 0.000000000000                      , 0.000000000000                      ) 
( 0.000000000000                      , 0.000000000000                      ) 
( 0.000000000000                      , 0.000000000000                      ) 
( 0.000000000000                      , 0.000000000000                      ) 
( 0.000000000000                      , 0.000000000000                      ) 
( 0.000000000000                      , 0.000000000000                      ) 
( 0.000000000000                      , 0.000000000000                      ) 
( 0.000000000000                      , -819.220876568005                   ) 
( 0.000000000000                      , -803.530424275386                   ) 
( 0.000000000000                      , 0.000000000000                      ) 
( 0.000000000000                      , 0.000000000000                      ) 
( 0.000000000000                      , 0.000000000000                      ) 
( 0.000000000000                      , 0.000000000000                      ) 
( 0.000000000000                      , 0.000000000000                      ) 
( 0.000000000000                      , 0.000000000000                      ) 
( 0.000000000000                      , 0.000000000000                      ) 
( 0.000000000000                      , 0.000000000000                      ) 
( 0.000000000000                      , 0.000000000000                      ) 
( 0.000000000000                      , 0.000000000000                      ) 
( 0.000000000000                      , 0.000000000000                      ) 
( 0.000000000000                      , 0.000000000000                      ) 
( 0.000000000000                      , 0.000000000000                      ) 
( 0.000000000000                      , 0.000000000000                      ) 
( 0.000000000000                      , 0.000000000000                      ) 
( 0.000000000000                      , 0.000000000000                      ) 
( 0.000000000000                      , 0.000000000000                      ) 
( 0.000000000000                      , 0.000000000000                      ) 
( 0.000000000000                      , 0.000000000000                      ) 
( 0.000000000000                      , 0.000000000000                      ) 
( 0.000000000000                      , 0.000000000000                      ) 
( 0.000000000000                      , 0.000000000000                      ) 
( 0.000000000000                      , 0.000000000000                      ) 
( 0.000000000000                      , 819.220876568005                    ) 
( 0.000000000000                      , 803.530424275386                    ) 
( 0.000000000000                      , 0.000000000000                      ) 
( 0.000000000000                      , 0.000000000000                      ) 
( 0.000000000000                      , 0.000000000000                      ) 
( 0.000000000000                      , 0.000000000000                      ) 
( 0.000000000000                      , 0.000000000000                      ) 
( 0.000000000000                      , 0.000000000000                      ) 
( 0.000000000000                      , 0.000000000000                      ) 
( 0.000000000000                      , 0.000000000000                      ) 
( 0.000000000000                      , 0.000000000000                      ) 
( 0.000000000000                      , 0.000000000000                      ) 
( 0.000000000000                      , 0.000000000000                      ) 
( 0.000000000000                      , 0.000000000000                      ) 
( 0.000000000000                      , 0.000000000000                      ) 
( 0.000000000000                      , 0.000000000000                      ) 
( 0.000000000000                      , 0.000000000000                      ) 
( 0.000000000000                      , 0.000000000000                      ) 
( 0.000000000000                      , 0.000000000000                      ) 
( 0.000000000000                      , 0.000000000000                      ) 
( 0.000000000000                      , 0.000000000000                      ) 
( -0.000000000000                     , 819.220876568005                    ) 
( -0.000000000000                     , 803.530424275386                    ) 
( 0.000000000000                      , 0.000000000000                      ) 
( 0.000000000000                      , 0.000000000000                      ) 
( 0.000000000000                      , 0.000000000000                      ) 
( 0.000000000000                      , 0.000000000000                      ) 
( 0.000000000000                      , 0.000000000000                      ) 
( 0.000000000000                      , 0.000000000000                      ) 
( 0.000000000000                      , 0.000000000000                      ) 
( 0.000000000000                      , 0.000000000000                      ) 
( 0.000000000000                      , 0.000000000000                      ) 
( 0.000000000000                      , 0.000000000000                      ) 
( 0.000000000000                      , 0.000000000000                      ) 
( 0.000000000000                      , 0.000000000000                      ) 
( 708.632189572570                    , 0.000000000000                      ) 
( 0.000000000000                      , 0.000000000000                      ) 
( 1920.495957505552                   , 0.000000000000                      ) 
( 0.000000000000                      , 0.000000000000                      ) 
( 0.000000000000                      , 0.000000000000                      ) 
( 0.000000000000                      , 0.000000000000                      ) 
( 0.000000000000                      , 0.000000000000                      ) 
( 0.000000000000                      , 0.000000000000                      ) 
( 0.000000000000                      , 0.000000000000                      ) 
( 6743.323428432941                   , 0.000000000000                      ) 
( -3252.890882057462                  , -0.000000000000                     ) 
( 0.000000000000                      , 0.000000000000                      ) 
( 0.000000000000                      , 0.000000000000                      ) 
( -6743.323428432941                  , -0.000000000000                     ) 
( 3252.890882057462                   , -0.000000000000                     ) 
( 0.000000000000                      , 0.000000000000                      ) 
( 0.000000000000                      , 0.000000000000                      ) 
( 0.000000000000                      , 0.000000000000                      ) 
( 0.000000000000                      , 0.000000000000                      ) 
( -708.632189572570                   , 0.000000000000                      ) 
( 0.000000000000                      , 0.000000000000                      ) 
( -1920.495957505552                  , 0.000000000000                      ) 
( 0.000000000000                      , 0.000000000000                      ) 
( 0.000000000000                      , 972.628944736351                    ) 
( 0.000000000000                      , 825.787723111613                    ) 
( 0.000000000000                      , 0.000000000000                      ) 
( 0.000000000000                      , 0.000000000000                      ) 
( 0.000000000000                      , 0.000000000000                      ) 
( 0.000000000000                      , 0.000000000000                      ) 
( 0.000000000000                      , 0.000000000000                      ) 
( 0.000000000000                      , 0.000000000000                      ) 
( 0.000000000000                      , 0.000000000000                      ) 
( 0.000000000000                      , 0.000000000000                      ) 
( 0.000000000000                      , 771.127845728254                    ) 
( 0.000000000000                      , 0.000000000000                      ) 
( -0.000000000000                     , -615.307763960564                   ) 
( 0.000000000000                      , 0.000000000000                      ) 
( 0.000000000000                      , 0.000000000000                      ) 
( 0.000000000000                      , 0.000000000000                      ) 
( -3998.112691275414                  , 0.000000000000                      ) 
( 1672.342433293423                   , 0.000000000000                      ) 
( 0.000000000000                      , 0.000000000000                      ) 
( 0.000000000000                      , 0.000000000000                      ) 
( -3998.112691275415                  , 0.000000000000                      ) 
( 1672.342433293423                   , 0.000000000000                      ) 
( 0.000000000000                      , 0.000000000000                      ) 
( 0.000000000000                      , 0.000000000000                      ) 
( -0.000000000000                     , 771.127845728254                    ) 
( 0.000000000000                      , 0.000000000000                      ) 
( -0.000000000000                     , -615.307763960564                   ) 
( 0.000000000000                      , 0.000000000000                      ) 
( 0.000000000000                      , 0.000000000000                      ) 
( 0.000000000000                      , 0.000000000000                      ) 
( 0.000000000000                      , 0.000000000000                      ) 
( 0.000000000000                      , 0.000000000000                      ) 
( 0.000000000000                      , 0.000000000000                      ) 
( 0.000000000000                      , 0.000000000000                      ) 
( 0.000000000000                      , 0.000000000000                      ) 
( 0.000000000000                      , 0.000000000000                      ) 
( 0.000000000000                      , 0.000000000000                      ) 
( 0.000000000000                      , 0.000000000000                      ) 
( 0.000000000000                      , 0.000000000000                      ) 
( 0.000000000000                      , 0.000000000000                      ) 
( 0.000000000000                      , 0.000000000000                      ) 
( 0.000000000000                      , 0.000000000000                      ) 
( 629.622138273133                    , 0.000000000000                      ) 
( 0.000000000000                      , 0.000000000000                      ) 
( 0.000000000000                      , 0.000000000000                      ) 
( 0.000000000000                      , 0.000000000000                      ) 
( 0.000000000000                      , 0.000000000000                      ) 
( 0.000000000000                      , 0.000000000000                      ) 
( 0.000000000000                      , 0.000000000000                      ) 
( 0.000000000000                      , 0.000000000000                      ) 
( 0.000000000000                      , 0.000000000000                      ) 
( -1045.104793930375                  , -0.000000000000                     ) 
( 806.823178408323                    , 0.000000000000                      ) 
( 1045.104793930376                   , -0.000000000000                     ) 
( -806.823178408324                   , 0.000000000000                      ) 
( 0.000000000000                      , 0.000000000000                      ) 
( 0.000000000000                      , 0.000000000000                      ) 
( 0.000000000000                      , 0.000000000000                      ) 
( 0.000000000000                      , 0.000000000000                      ) 
( 0.000000000000                      , 0.000000000000                      ) 
( 0.000000000000                      , 0.000000000000                      ) 
( -629.622138273133                   , 0.000000000000                      ) 
( 0.000000000000                      , 0.000000000000                      ) 
( 0.000000000000                      , 0.000000000000                      ) 
( 0.000000000000                      , 0.000000000000                      ) 
( 0.000000000000                      , 0.000000000000                      ) 
( 0.000000000000                      , 0.000000000000                      ) 
( -1456.725754350988                  , 0.000000000000                      ) 
( 0.000000000000                      , 0.000000000000                      ) 
( -1517.770037469734                  , 0.000000000000                      ) 
( 0.000000000000                      , 0.000000000000                      ) 
( -0.000000000000                     , -1437.677339641180                  ) 
( 0.000000000000                      , 1376.691079638139                   ) 
( 0.000000000000                      , 0.000000000000                      ) 
( 0.000000000000                      , 0.000000000000                      ) 
( 3142.583713160113                   , -0.000000000000                     ) 
( -1704.864273837406                  , -0.000000000000                     ) 
( 3142.583713160113                   , -0.000000000000                     ) 
( -1704.864273837406                  , -0.000000000000                     ) 
( 0.000000000000                      , 0.000000000000                      ) 
( 0.000000000000                      , 0.000000000000                      ) 
( 0.000000000000                      , -1437.677339641180                  ) 
( 0.000000000000                      , 1376.691079638139                   ) 
( 0.000000000000                      , 0.000000000000                      ) 
( -1456.725754350988                  , -0.000000000000                     ) 
( 0.000000000000                      , 0.000000000000                      ) 
( -1517.770037469734                  , -0.000000000000                     ) 
( 0.000000000000                      , 0.000000000000                      ) 
( 0.000000000000                      , 0.000000000000                      ) 
( 0.000000000000                      , 0.000000000000                      ) 
( 0.000000000000                      , 0.000000000000                      ) 
( 0.000000000000                      , 0.000000000000                      ) 
( 0.000000000000                      , 0.000000000000                      ) 
( -587.552012744565                   , 0.000000000000                      ) 
( 0.000000000000                      , 0.000000000000                      ) 
( 0.000000000000                      , 0.000000000000                      ) 
( 0.000000000000                      , 2314.874183005066                   ) 
( -0.000000000000                     , -2173.511728026389                  ) 
( 0.000000000000                      , 0.000000000000                      ) 
( 0.000000000000                      , 0.000000000000                      ) 
( -1933.503195233052                  , 0.000000000000                      ) 
( 1210.387801688573                   , -0.000000000000                     ) 
( 0.000000000000                      , 0.000000000000                      ) 
( 0.000000000000                      , 0.000000000000                      ) 
( 1933.503195233051                   , 0.000000000000                      ) 
( -1210.387801688573                  , -0.000000000000                     ) 
( 0.000000000000                      , 0.000000000000                      ) 
( 0.000000000000                      , 0.000000000000                      ) 
( 0.000000000000                      , -2314.874183005066                  ) 
( -0.000000000000                     , 2173.511728026390                   ) 
( 0.000000000000                      , 0.000000000000                      ) 
( 0.000000000000                      , 0.000000000000                      ) 
( 587.552012744565                    , 0.000000000000                      ) 
( 0.000000000000                      , 0.000000000000                      ) 
( 0.000000000000                      , 0.000000000000                      ) 
( 0.000000000000                      , -700.424220932491                   ) 
( -0.000000000000                     , -680.957005949839                   ) 
( 0.000000000000                      , 0.000000000000                      ) 
( 0.000000000000                      , 0.000000000000                      ) 
( 1378.506771683724                   , 0.000000000000                      ) 
( 1808.005545017112                   , 0.000000000000                      ) 
( 0.000000000000                      , 0.000000000000                      ) 
( 0.000000000000                      , 0.000000000000                      ) 
( 0.000000000000                      , 0.000000000000                      ) 
( -0.000000000000                     , -1327.675363438468                  ) 
( 0.000000000000                      , 1172.122884399618                   ) 
( 0.000000000000                      , 0.000000000000                      ) 
( 0.000000000000                      , 0.000000000000                      ) 
( 560.679837830446                    , 0.000000000000                      ) 
( 560.679837830446                    , 0.000000000000                      ) 
( 0.000000000000                      , 0.000000000000                      ) 
( 0.000000000000                      , 0.000000000000                      ) 
( 0.000000000000                      , -1327.675363438468                  ) 
( -0.000000000000                     , 1172.122884399618                   ) 
( 0.000000000000                      , 0.000000000000                      ) 
( 0.000000000000                      , 0.000000000000                      ) 
( 1378.506771683724                   , 0.000000000000                      ) 
( 1808.005545017112                   , 0.000000000000                      ) 
( 0.000000000000                      , 0.000000000000                      ) 
( 0.000000000000                      , 0.000000000000                      ) 
( 0.000000000000                      , 0.000000000000                      ) 
( 0.000000000000                      , 0.000000000000                      ) 
( 0.000000000000                      , 0.000000000000                      ) 
( -819.462743025220                   , -0.000000000000                     ) 
( 0.000000000000                      , 0.000000000000                      ) 
( 0.000000000000                      , 0.000000000000                      ) 
( 0.000000000000                      , 0.000000000000                      ) 
( 0.000000000000                      , 0.000000000000                      ) 
( 819.462743025220                    , -0.000000000000                     ) 
( 0.000000000000                      , 0.000000000000                      ) 
( 0.000000000000                      , 0.000000000000                      ) 
( -0.000000000000                     , -1476.287264817280                  ) 
( -0.000000000000                     , -1339.508743908300                  ) 
( 0.000000000000                      , -714.880988174324                   ) 
( 0.000000000000                      , 0.000000000000                      ) 
( 0.000000000000                      , 693.605230749563                    ) 
( 0.000000000000                      , 849.425963847964                    ) 
( 0.000000000000                      , 0.000000000000                      ) 
( 0.000000000000                      , 693.605230749563                    ) 
( 0.000000000000                      , 849.425963847964                    ) 
( 0.000000000000                      , -1476.287264817280                  ) 
( -0.000000000000                     , -1339.508743908300                  ) 
( 0.000000000000                      , -714.880988174324                   ) 
( 0.000000000000                      , 0.000000000000                      ) 
( 0.000000000000                      , 0.000000000000                      ) 
( -819.462743025220                   , -0.000000000000                     ) 
( 0.000000000000                      , 0.000000000000                      ) 
( 0.000000000000                      , 0.000000000000                      ) 
( 0.000000000000                      , 0.000000000000                      ) 
( 0.000000000000                      , 0.000000000000                      ) 
( 819.462743025220                    , 0.000000000000                      ) 
( 0.000000000000                      , 0.000000000000                      ) 
( 0.000000000000                      , 0.000000000000                      ) 
( 0.000000000000                      , -700.424220932491                   ) 
( 0.000000000000                      , -680.957005949839                   ) 
( 0.000000000000                      , 0.000000000000                      ) 
( 0.000000000000                      , 0.000000000000                      ) 
( 1378.506771683724                   , 0.000000000000                      ) 
( 1808.005545017112                   , 0.000000000000                      ) 
( 0.000000000000                      , 0.000000000000                      ) 
( 0.000000000000                      , 0.000000000000                      ) 
( 0.000000000000                      , 0.000000000000                      ) 
( 0.000000000000                      , -1327.675363438468                  ) 
( -0.000000000000                     , 1172.122884399618                   ) 
( 0.000000000000                      , 0.000000000000                      ) 
( 0.000000000000                      , 0.000000000000                      ) 
( 560.679837830446                    , 0.000000000000                      ) 
( 560.679837830446                    , 0.000000000000                      ) 
( 0.000000000000                      , 0.000000000000                      ) 
( 0.000000000000                      , 0.000000000000                      ) 
( 0.000000000000                      , -1327.675363438468                  ) 
( -0.000000000000                     , 1172.122884399618                   ) 
( 0.000000000000                      , 0.000000000000                      ) 
( 0.000000000000                      , 0.000000000000                      ) 
( 1378.506771683724                   , 0.000000000000                      ) 
( 1808.005545017112                   , 0.000000000000                      ) 
( 0.000000000000                      , 0.000000000000                      ) 
( 0.000000000000                      , 0.000000000000                      ) 
( 0.000000000000                      , 0.000000000000                      ) 
( 0.000000000000                      , 0.000000000000                      ) 
( 0.000000000000                      , 0.000000000000                      ) 
( 0.000000000000                      , 0.000000000000                      ) 
( -587.552012744565                   , -0.000000000000                     ) 
( 0.000000000000                      , 0.000000000000                      ) 
( 0.000000000000                      , 0.000000000000                      ) 
( -0.000000000000                     , 2314.874183005066                   ) 
( -0.000000000000                     , -2173.511728026390                  ) 
( 0.000000000000                      , 0.000000000000                      ) 
( 0.000000000000                      , 0.000000000000                      ) 
( -1933.503195233052                  , -0.000000000000                     ) 
( 1210.387801688573                   , 0.000000000000                      ) 
( 0.000000000000                      , 0.000000000000                      ) 
( 0.000000000000                      , 0.000000000000                      ) 
( 1933.503195233052                   , -0.000000000000                     ) 
( -1210.387801688573                  , 0.000000000000                      ) 
( 0.000000000000                      , 0.000000000000                      ) 
( 0.000000000000                      , 0.000000000000                      ) 
( 0.000000000000                      , -2314.874183005066                  ) 
( 0.000000000000                      , 2173.511728026389                   ) 
( 0.000000000000                      , 0.000000000000                      ) 
( 0.000000000000                      , 0.000000000000                      ) 
( 587.552012744565                    , 0.000000000000                      ) 
( 0.000000000000                      , 0.000000000000                      ) 
( 0.000000000000                      , 0.000000000000                      ) 
( 0.000000000000                      , 0.000000000000                      ) 
( 0.000000000000                      , 0.000000000000                      ) 
( -1456.725754350988                  , -0.000000000000                     ) 
( 0.000000000000                      , 0.000000000000                      ) 
( -1517.770037469734                  , 0.000000000000                      ) 
( 0.000000000000                      , 0.000000000000                      ) 
( 0.000000000000                      , -1437.677339641180                  ) 
( 0.000000000000                      , 1376.691079638139                   ) 
( 0.000000000000                      , 0.000000000000                      ) 
( 0.000000000000                      , 0.000000000000                      ) 
( 3142.583713160113                   , 0.000000000000                      ) 
( -1704.864273837406                  , -0.000000000000                     ) 
( 3142.583713160113                   , 0.000000000000                      ) 
( -1704.864273837406                  , -0.000000000000                     ) 
( 0.000000000000                      , 0.000000000000                      ) 
( 0.000000000000                      , 0.000000000000                      ) 
( 0.000000000000                      , -1437.677339641180                  ) 
( 0.000000000000                      , 1376.691079638139                   ) 
( 0.000000000000                      , 0.000000000000                      ) 
( -1456.725754350988                  , 0.000000000000                      ) 
( 0.000000000000                      , 0.000000000000                      ) 
( -1517.770037469734                  , 0.000000000000                      ) 
( 0.000000000000                      , 0.000000000000                      ) 
( 0.000000000000                      , 0.000000000000                      ) 
( 0.000000000000                      , 0.000000000000                      ) 
( 0.000000000000                      , 0.000000000000                      ) 
( 0.000000000000                      , 0.000000000000                      ) 
( 0.000000000000                      , 0.000000000000                      ) 
( 0.000000000000                      , 0.000000000000                      ) 
( 0.000000000000                      , 0.000000000000                      ) 
( 629.622138273133                    , -0.000000000000                     ) 
( 0.000000000000                      , 0.000000000000                      ) 
( 0.000000000000                      , 0.000000000000                      ) 
( 0.000000000000                      , 0.000000000000                      ) 
( 0.000000000000                      , 0.000000000000                      ) 
( 0.000000000000                      , 0.000000000000                      ) 
( 0.000000000000                      , 0.000000000000                      ) 
( 0.000000000000                      , 0.000000000000                      ) 
( 0.000000000000                      , 0.000000000000                      ) 
( -1045.104793930376                  , 0.000000000000                      ) 
( 806.823178408324                    , 0.000000000000                      ) 
( 0.000000000000                      , 0.000000000000                      ) 
( 1045.104793930376                   , 0.000000000000                      ) 
( -806.823178408324                   , -0.000000000000                     ) 
( 0.000000000000                      , 0.000000000000                      ) 
( 0.000000000000                      , 0.000000000000                      ) 
( 0.000000000000                      , 0.000000000000                      ) 
( 0.000000000000                      , 0.000000000000                      ) 
( 0.000000000000                      , 0.000000000000                      ) 
( 0.000000000000                      , 0.000000000000                      ) 
( 0.000000000000                      , 0.000000000000                      ) 
( -629.622138273133                   , 0.000000000000                      ) 
( 0.000000000000                      , 0.000000000000                      ) 
( 0.000000000000                      , 0.000000000000                      ) 
( 0.000000000000                      , 0.000000000000                      ) 
( 0.000000000000                      , 972.628944736351                    ) 
( 0.000000000000                      , 825.787723111613                    ) 
( 0.000000000000                      , 0.000000000000                      ) 
( 0.000000000000                      , 0.000000000000                      ) 
( 0.000000000000                      , 0.000000000000                      ) 
( 0.000000000000                      , 0.000000000000                      ) 
( 0.000000000000                      , 0.000000000000                      ) 
( 0.000000000000                      , 0.000000000000                      ) 
( 0.000000000000                      , 0.000000000000                      ) 
( 0.000000000000                      , 0.000000000000                      ) 
( -0.000000000000                     , 771.127845728254                    ) 
( 0.000000000000                      , 0.000000000000                      ) 
( -0.000000000000                     , -615.307763960564                   ) 
( 0.000000000000                      , 0.000000000000                      ) 
( 0.000000000000                      , 0.000000000000                      ) 
( 0.000000000000                      , 0.000000000000                      ) 
( -3998.112691275414                  , -0.000000000000                     ) 
( 1672.342433293423                   , 0.000000000000                      ) 
( 0.000000000000                      , 0.000000000000                      ) 
( 0.000000000000                      , 0.000000000000                      ) 
( -3998.112691275415                  , -0.000000000000                     ) 
( 1672.342433293423                   , 0.000000000000                      ) 
( 0.000000000000                      , 0.000000000000                      ) 
( 0.000000000000                      , 0.000000000000                      ) 
( -0.000000000000                     , 771.127845728254                    ) 
( 0.000000000000                      , 0.000000000000                      ) 
( 0.000000000000                      , -615.307763960564                   ) 
( 0.000000000000                      , 0.000000000000                      ) 
( 0.000000000000                      , 0.000000000000                      ) 
( 0.000000000000                      , 0.000000000000                      ) 
( 0.000000000000                      , 0.000000000000                      ) 
( 0.000000000000                      , 0.000000000000                      ) 
( 0.000000000000                      , 0.000000000000                      ) 
( 0.000000000000                      , 0.000000000000                      ) 
( 0.000000000000                      , 0.000000000000                      ) 
