( 0.000000000000                      , 0.000000000000                      ) 
( 0.000000000000                      , 0.000000000000                      ) 
( 0.000000000000                      , 0.000000000000                      ) 
( 0.000000000000                      , 0.000000000000                      ) 
( 0.000000000000                      , 0.000000000000                      ) 
( 0.000000000000                      , 0.000000000000                      ) 
( 0.000000000000                      , 0.000000000000                      ) 
( 0.000000000000                      , 0.000000000000                      ) 
( 0.000000000000                      , 0.000000000000                      ) 
( 0.000000000000                      , 0.000000000000                      ) 
( 0.000000000000                      , 0.000000000000                      ) 
( 0.000000000000                      , 0.000000000000                      ) 
( 0.000000000000                      , 0.000000000000                      ) 
( 0.000000000000                      , 0.000000000000                      ) 
( 0.000000000000                      , 0.000000000000                      ) 
( 0.000000000000                      , 0.000000000000                      ) 
( 0.000000000000                      , 0.000000000000                      ) 
( 0.000000000000                      , 0.000000000000                      ) 
( 0.000000000000                      , 0.000000000000                      ) 
( 0.000000000000                      , 0.000000000000                      ) 
( 0.000000000000                      , 0.000000000000                      ) 
( 0.000000000000                      , 0.000000000000                      ) 
( 0.000000000000                      , 0.000000000000                      ) 
( 0.000000000000                      , 0.000000000000                      ) 
( 0.000000000000                      , 0.000000000000                      ) 
( 0.000000000000                      , 0.000000000000                      ) 
( 0.000000000000                      , 0.000000000000                      ) 
( 0.000000000000                      , 0.000000000000                      ) 
( 0.000000000000                      , 0.000000000000                      ) 
( 0.000000000000                      , 0.000000000000                      ) 
( 0.000000000000                      , 0.000000000000                      ) 
( 0.000000000000                      , 0.000000000000                      ) 
( 0.000000000000                      , 0.000000000000                      ) 
( 0.000000000000                      , 0.000000000000                      ) 
( 0.000000000000                      , 0.000000000000                      ) 
( 0.000000000000                      , 0.000000000000                      ) 
( 0.000000000000                      , 0.000000000000                      ) 
( 0.000000000000                      , 0.000000000000                      ) 
( 0.000000000000                      , 0.000000000000                      ) 
( 0.000000000000                      , 0.000000000000                      ) 
( 0.000000000000                      , 0.000000000000                      ) 
( 0.000000000000                      , 0.000000000000                      ) 
( 809.432838651323                    , -161.633661347538                   ) 
( 0.000000000000                      , 0.000000000000                      ) 
( 0.000000000000                      , 0.000000000000                      ) 
( 0.000000000000                      , 0.000000000000                      ) 
( 0.000000000000                      , 0.000000000000                      ) 
( 0.000000000000                      , 0.000000000000                      ) 
( -1758.993373583411                  , 716.161533457584                    ) 
( -1044.243428223718                  , -969.612458394273                   ) 
( 0.000000000000                      , 0.000000000000                      ) 
( 0.000000000000                      , 0.000000000000                      ) 
( 0.000000000000                      , 0.000000000000                      ) 
( 0.000000000000                      , 0.000000000000                      ) 
( 0.000000000000                      , 0.000000000000                      ) 
( 0.000000000000                      , 0.000000000000                      ) 
( 741.182797830160                    , -576.036070424483                   ) 
( -712.365058638753                   , 354.105127908013                    ) 
( 0.000000000000                      , 0.000000000000                      ) 
( 0.000000000000                      , 0.000000000000                      ) 
( 0.000000000000                      , 0.000000000000                      ) 
( 0.000000000000                      , 0.000000000000                      ) 
( 741.182797830160                    , -576.036070424483                   ) 
( -712.365058638753                   , 354.105127908013                    ) 
( 0.000000000000                      , 0.000000000000                      ) 
( 0.000000000000                      , 0.000000000000                      ) 
( 0.000000000000                      , 0.000000000000                      ) 
( 0.000000000000                      , 0.000000000000                      ) 
( 0.000000000000                      , 0.000000000000                      ) 
( -1758.993373583411                  , 716.161533457584                    ) 
( -1044.243428223718                  , -969.612458394273                   ) 
( 0.000000000000                      , 0.000000000000                      ) 
( 0.000000000000                      , 0.000000000000                      ) 
( 0.000000000000                      , 0.000000000000                      ) 
( 0.000000000000                      , 0.000000000000                      ) 
( 809.432838651323                    , -161.633661347538                   ) 
( 0.000000000000                      , 0.000000000000                      ) 
( 0.000000000000                      , 0.000000000000                      ) 
( 0.000000000000                      , 0.000000000000                      ) 
( 0.000000000000                      , 0.000000000000                      ) 
( 0.000000000000                      , 0.000000000000                      ) 
( 0.000000000000                      , 0.000000000000                      ) 
( 0.000000000000                      , 0.000000000000                      ) 
( 0.000000000000                      , 0.000000000000                      ) 
( 2617.693378927119                   , 194.514869190524                    ) 
( 581.910268208995                    , 1817.689963914755                   ) 
( 735.757942134788                    , -398.637146753394                   ) 
( 0.000000000000                      , 0.000000000000                      ) 
( 0.000000000000                      , 0.000000000000                      ) 
( 0.000000000000                      , 0.000000000000                      ) 
( 0.000000000000                      , 0.000000000000                      ) 
( 0.000000000000                      , 0.000000000000                      ) 
( -1373.369011978662                  , -81.678533786542                    ) 
( 0.000000000000                      , 0.000000000000                      ) 
( 0.000000000000                      , 0.000000000000                      ) 
( 0.000000000000                      , 0.000000000000                      ) 
( 0.000000000000                      , 0.000000000000                      ) 
( -882.453638995687                   , 413.534596966598                    ) 
( 580.241329679375                    , -541.122381591456                   ) 
( 0.000000000000                      , 0.000000000000                      ) 
( 0.000000000000                      , 0.000000000000                      ) 
( -882.453638995687                   , 413.534596966598                    ) 
( 580.241329679375                    , -541.122381591456                   ) 
( 0.000000000000                      , 0.000000000000                      ) 
( 0.000000000000                      , 0.000000000000                      ) 
( 0.000000000000                      , 0.000000000000                      ) 
( 0.000000000000                      , 0.000000000000                      ) 
( -1373.369011978662                  , -81.678533786542                    ) 
( 0.000000000000                      , 0.000000000000                      ) 
( 0.000000000000                      , 0.000000000000                      ) 
( 0.000000000000                      , 0.000000000000                      ) 
( 0.000000000000                      , 0.000000000000                      ) 
( 2617.693378927119                   , 194.514869190524                    ) 
( 581.910268208996                    , 1817.689963914755                   ) 
( 735.757942134788                    , -398.637146753394                   ) 
( 0.000000000000                      , 0.000000000000                      ) 
( 0.000000000000                      , 0.000000000000                      ) 
( 0.000000000000                      , 0.000000000000                      ) 
( 1417.127876735996                   , -4249.372202481071                  ) 
( 1638.818927412579                   , -989.970122582790                   ) 
( 0.000000000000                      , 0.000000000000                      ) 
( 0.000000000000                      , 0.000000000000                      ) 
( 872.140203305445                    , -374.513583563286                   ) 
( 856.268339399078                    , 669.638696745221                    ) 
( 0.000000000000                      , 0.000000000000                      ) 
( 0.000000000000                      , 0.000000000000                      ) 
( 872.140203305445                    , -374.513583563286                   ) 
( 856.268339399078                    , 669.638696745221                    ) 
( 0.000000000000                      , 0.000000000000                      ) 
( 0.000000000000                      , 0.000000000000                      ) 
( 1417.127876735996                   , -4249.372202481072                  ) 
( 1638.818927412579                   , -989.970122582790                   ) 
( 0.000000000000                      , 0.000000000000                      ) 
( 0.000000000000                      , 0.000000000000                      ) 
( 0.000000000000                      , 0.000000000000                      ) 
( 0.000000000000                      , 0.000000000000                      ) 
( -366.781795969314                   , -704.832105762902                   ) 
( -52.582770538769                    , -906.396070048025                   ) 
( 0.000000000000                      , 0.000000000000                      ) 
( 0.000000000000                      , 0.000000000000                      ) 
( 0.000000000000                      , 0.000000000000                      ) 
( 0.000000000000                      , 0.000000000000                      ) 
( -366.781795969314                   , -704.832105762902                   ) 
( -52.582770538769                    , -906.396070048025                   ) 
( 0.000000000000                      , 0.000000000000                      ) 
( 0.000000000000                      , 0.000000000000                      ) 
( 0.000000000000                      , 0.000000000000                      ) 
( 366.781795969314                    , 704.832105762902                    ) 
( 52.582770538770                     , 906.396070048025                    ) 
( 0.000000000000                      , 0.000000000000                      ) 
( 0.000000000000                      , 0.000000000000                      ) 
( 0.000000000000                      , 0.000000000000                      ) 
( 0.000000000000                      , 0.000000000000                      ) 
( 366.781795969314                    , 704.832105762902                    ) 
( 52.582770538769                     , 906.396070048025                    ) 
( 0.000000000000                      , 0.000000000000                      ) 
( 0.000000000000                      , 0.000000000000                      ) 
( -1417.127876735996                  , 4249.372202481072                   ) 
( -1638.818927412579                  , 989.970122582790                    ) 
( 0.000000000000                      , 0.000000000000                      ) 
( 0.000000000000                      , 0.000000000000                      ) 
( -872.140203305445                   , 374.513583563286                    ) 
( -856.268339399078                   , -669.638696745221                   ) 
( 0.000000000000                      , 0.000000000000                      ) 
( 0.000000000000                      , 0.000000000000                      ) 
( -872.140203305445                   , 374.513583563286                    ) 
( -856.268339399078                   , -669.638696745221                   ) 
( 0.000000000000                      , 0.000000000000                      ) 
( 0.000000000000                      , 0.000000000000                      ) 
( -1417.127876735996                  , 4249.372202481072                   ) 
( -1638.818927412579                  , 989.970122582790                    ) 
( 0.000000000000                      , 0.000000000000                      ) 
( 0.000000000000                      , 0.000000000000                      ) 
( 0.000000000000                      , 0.000000000000                      ) 
( 0.000000000000                      , 0.000000000000                      ) 
( 0.000000000000                      , 0.000000000000                      ) 
( 0.000000000000                      , 0.000000000000                      ) 
( -2617.693378927119                  , -194.514869190524                   ) 
( -581.910268208995                   , -1817.689963914755                  ) 
( -735.757942134788                   , 398.637146753394                    ) 
( 0.000000000000                      , 0.000000000000                      ) 
( 0.000000000000                      , 0.000000000000                      ) 
( 0.000000000000                      , 0.000000000000                      ) 
( 0.000000000000                      , 0.000000000000                      ) 
( 0.000000000000                      , 0.000000000000                      ) 
( 1373.369011978662                   , 81.678533786542                     ) 
( 0.000000000000                      , 0.000000000000                      ) 
( 0.000000000000                      , 0.000000000000                      ) 
( 0.000000000000                      , 0.000000000000                      ) 
( 0.000000000000                      , 0.000000000000                      ) 
( 882.453638995687                    , -413.534596966598                   ) 
( -580.241329679375                   , 541.122381591456                    ) 
( 0.000000000000                      , 0.000000000000                      ) 
( 0.000000000000                      , 0.000000000000                      ) 
( 882.453638995687                    , -413.534596966598                   ) 
( -580.241329679375                   , 541.122381591456                    ) 
( 0.000000000000                      , 0.000000000000                      ) 
( 0.000000000000                      , 0.000000000000                      ) 
( 0.000000000000                      , 0.000000000000                      ) 
( 0.000000000000                      , 0.000000000000                      ) 
( 1373.369011978662                   , 81.678533786542                     ) 
( 0.000000000000                      , 0.000000000000                      ) 
( 0.000000000000                      , 0.000000000000                      ) 
( 0.000000000000                      , 0.000000000000                      ) 
( 0.000000000000                      , 0.000000000000                      ) 
( -2617.693378927120                  , -194.514869190524                   ) 
( -581.910268208995                   , -1817.689963914755                  ) 
( -735.757942134788                   , 398.637146753394                    ) 
( 0.000000000000                      , 0.000000000000                      ) 
( 0.000000000000                      , 0.000000000000                      ) 
( 0.000000000000                      , 0.000000000000                      ) 
( 0.000000000000                      , 0.000000000000                      ) 
( 0.000000000000                      , 0.000000000000                      ) 
( -809.432838651323                   , 161.633661347538                    ) 
( 0.000000000000                      , 0.000000000000                      ) 
( 0.000000000000                      , 0.000000000000                      ) 
( 0.000000000000                      , 0.000000000000                      ) 
( 0.000000000000                      , 0.000000000000                      ) 
( 0.000000000000                      , 0.000000000000                      ) 
( 1758.993373583411                   , -716.161533457584                   ) 
( 1044.243428223718                   , 969.612458394273                    ) 
( 0.000000000000                      , 0.000000000000                      ) 
( 0.000000000000                      , 0.000000000000                      ) 
( 0.000000000000                      , 0.000000000000                      ) 
( 0.000000000000                      , 0.000000000000                      ) 
( 0.000000000000                      , 0.000000000000                      ) 
( 0.000000000000                      , 0.000000000000                      ) 
( -741.182797830160                   , 576.036070424483                    ) 
( 712.365058638753                    , -354.105127908013                   ) 
( 0.000000000000                      , 0.000000000000                      ) 
( 0.000000000000                      , 0.000000000000                      ) 
( 0.000000000000                      , 0.000000000000                      ) 
( 0.000000000000                      , 0.000000000000                      ) 
( -741.182797830160                   , 576.036070424483                    ) 
( 712.365058638753                    , -354.105127908013                   ) 
( 0.000000000000                      , 0.000000000000                      ) 
( 0.000000000000                      , 0.000000000000                      ) 
( 0.000000000000                      , 0.000000000000                      ) 
( 0.000000000000                      , 0.000000000000                      ) 
( 0.000000000000                      , 0.000000000000                      ) 
( 1758.993373583411                   , -716.161533457584                   ) 
( 1044.243428223718                   , 969.612458394273                    ) 
( 0.000000000000                      , 0.000000000000                      ) 
( 0.000000000000                      , 0.000000000000                      ) 
( 0.000000000000                      , 0.000000000000                      ) 
( 0.000000000000                      , 0.000000000000                      ) 
( -809.432838651323                   , 161.633661347538                    ) 
( 0.000000000000                      , 0.000000000000                      ) 
( 0.000000000000                      , 0.000000000000                      ) 
( 0.000000000000                      , 0.000000000000                      ) 
( 0.000000000000                      , 0.000000000000                      ) 
( 0.000000000000                      , 0.000000000000                      ) 
( 0.000000000000                      , 0.000000000000                      ) 
( 0.000000000000                      , 0.000000000000                      ) 
( 0.000000000000                      , 0.000000000000                      ) 
( 0.000000000000                      , 0.000000000000                      ) 
( 0.000000000000                      , 0.000000000000                      ) 
( 0.000000000000                      , 0.000000000000                      ) 
( 0.000000000000                      , 0.000000000000                      ) 
( 0.000000000000                      , 0.000000000000                      ) 
( 0.000000000000                      , 0.000000000000                      ) 
( 0.000000000000                      , 0.000000000000                      ) 
( 0.000000000000                      , 0.000000000000                      ) 
( 0.000000000000                      , 0.000000000000                      ) 
( 0.000000000000                      , 0.000000000000                      ) 
( 0.000000000000                      , 0.000000000000                      ) 
( 0.000000000000                      , 0.000000000000                      ) 
( 0.000000000000                      , 0.000000000000                      ) 
( 0.000000000000                      , 0.000000000000                      ) 
( 0.000000000000                      , 0.000000000000                      ) 
( 0.000000000000                      , 0.000000000000                      ) 
( 0.000000000000                      , 0.000000000000                      ) 
( 0.000000000000                      , 0.000000000000                      ) 
( 0.000000000000                      , 0.000000000000                      ) 
( 0.000000000000                      , 0.000000000000                      ) 
( 0.000000000000                      , 0.000000000000                      ) 
( 0.000000000000                      , 0.000000000000                      ) 
( 0.000000000000                      , 0.000000000000                      ) 
( 0.000000000000                      , 0.000000000000                      ) 
( 66.546539696209                     , -3134.655380423362                  ) 
( 1051.408691847179                   , -1233.556758029722                  ) 
( 0.000000000000                      , 0.000000000000                      ) 
( 0.000000000000                      , 0.000000000000                      ) 
( 0.000000000000                      , 0.000000000000                      ) 
( 0.000000000000                      , 0.000000000000                      ) 
( -1184.539416693191                  , -199.459262199368                   ) 
( 0.000000000000                      , 0.000000000000                      ) 
( 0.000000000000                      , 0.000000000000                      ) 
( 0.000000000000                      , 0.000000000000                      ) 
( 0.000000000000                      , 0.000000000000                      ) 
( 0.000000000000                      , 0.000000000000                      ) 
( 624.513909110761                    , -608.104487190288                   ) 
( -630.118475585515                   , 560.065378843847                    ) 
( 0.000000000000                      , 0.000000000000                      ) 
( 0.000000000000                      , 0.000000000000                      ) 
( -116.361545838956                   , 593.352275562192                    ) 
( 116.361545838956                    , -593.352275562192                   ) 
( 0.000000000000                      , 0.000000000000                      ) 
( 0.000000000000                      , 0.000000000000                      ) 
( -624.513909110761                   , 608.104487190288                    ) 
( 630.118475585515                    , -560.065378843847                   ) 
( 0.000000000000                      , 0.000000000000                      ) 
( 0.000000000000                      , 0.000000000000                      ) 
( 0.000000000000                      , 0.000000000000                      ) 
( 0.000000000000                      , 0.000000000000                      ) 
( 0.000000000000                      , 0.000000000000                      ) 
( 1184.539416693191                   , 199.459262199368                    ) 
( 0.000000000000                      , 0.000000000000                      ) 
( 0.000000000000                      , 0.000000000000                      ) 
( 0.000000000000                      , 0.000000000000                      ) 
( -66.546539696209                    , 3134.655380423362                   ) 
( -1051.408691847179                  , 1233.556758029722                   ) 
( 0.000000000000                      , 0.000000000000                      ) 
( 0.000000000000                      , 0.000000000000                      ) 
( 0.000000000000                      , 0.000000000000                      ) 
( 0.000000000000                      , 0.000000000000                      ) 
( 0.000000000000                      , 0.000000000000                      ) 
( 0.000000000000                      , 0.000000000000                      ) 
( -222.880710437124                   , -509.616206899315                   ) 
( 0.000000000000                      , 0.000000000000                      ) 
( 0.000000000000                      , 0.000000000000                      ) 
( 1105.465879216682                   , -329.551275011925                   ) 
( 510.403639852039                    , 418.442621828382                    ) 
( 0.000000000000                      , 0.000000000000                      ) 
( 0.000000000000                      , 0.000000000000                      ) 
( 0.000000000000                      , 0.000000000000                      ) 
( 0.000000000000                      , 0.000000000000                      ) 
( -374.926363963540                   , 433.864419206697                    ) 
( 0.000000000000                      , 0.000000000000                      ) 
( 0.000000000000                      , 0.000000000000                      ) 
( 0.000000000000                      , 0.000000000000                      ) 
( 0.000000000000                      , 0.000000000000                      ) 
( -374.926363963540                   , 433.864419206697                    ) 
( 0.000000000000                      , 0.000000000000                      ) 
( 0.000000000000                      , 0.000000000000                      ) 
( 0.000000000000                      , 0.000000000000                      ) 
( 1105.465879216682                   , -329.551275011925                   ) 
( 510.403639852039                    , 418.442621828382                    ) 
( 0.000000000000                      , 0.000000000000                      ) 
( 0.000000000000                      , 0.000000000000                      ) 
( 0.000000000000                      , 0.000000000000                      ) 
( -222.880710437124                   , -509.616206899315                   ) 
( 1817.952317738226                   , -3283.997967761407                  ) 
( 1588.065408130331                   , -51.770713721414                    ) 
( 0.000000000000                      , 0.000000000000                      ) 
( 0.000000000000                      , 0.000000000000                      ) 
( 0.000000000000                      , 0.000000000000                      ) 
( 0.000000000000                      , 0.000000000000                      ) 
( 0.000000000000                      , 0.000000000000                      ) 
( 0.000000000000                      , 0.000000000000                      ) 
( -1949.696263934306                  , 1062.794521895514                   ) 
( 1411.087983823840                   , -981.026671532644                   ) 
( 0.000000000000                      , 0.000000000000                      ) 
( 0.000000000000                      , 0.000000000000                      ) 
( 0.000000000000                      , 0.000000000000                      ) 
( 0.000000000000                      , 0.000000000000                      ) 
( 1949.696263934306                   , -1062.794521895514                  ) 
( -1411.087983823840                  , 981.026671532644                    ) 
( 0.000000000000                      , 0.000000000000                      ) 
( 0.000000000000                      , 0.000000000000                      ) 
( 0.000000000000                      , 0.000000000000                      ) 
( 0.000000000000                      , 0.000000000000                      ) 
( 0.000000000000                      , 0.000000000000                      ) 
( 0.000000000000                      , 0.000000000000                      ) 
( -1817.952317738226                  , 3283.997967761407                   ) 
( -1588.065408130331                  , 51.770713721414                     ) 
( 0.000000000000                      , 0.000000000000                      ) 
( 0.000000000000                      , 0.000000000000                      ) 
( 1567.555681779006                   , -2993.107682920663                  ) 
( 1184.926719087534                   , -562.584203879541                   ) 
( 0.000000000000                      , 0.000000000000                      ) 
( -1818.478238787475                  , 871.129141162523                    ) 
( -2509.604980766331                  , -1280.621276206646                  ) 
( 0.000000000000                      , 0.000000000000                      ) 
( 0.000000000000                      , 0.000000000000                      ) 
( -1757.402977867986                  , 797.723399588998                    ) 
( 1163.178099957750                   , -682.040914905862                   ) 
( 0.000000000000                      , 0.000000000000                      ) 
( 0.000000000000                      , 0.000000000000                      ) 
( -537.516711062756                   , -213.403203354216                   ) 
( -537.516711062756                   , -213.403203354216                   ) 
( 0.000000000000                      , 0.000000000000                      ) 
( 0.000000000000                      , 0.000000000000                      ) 
( -1757.402977867987                  , 797.723399588997                    ) 
( 1163.178099957750                   , -682.040914905862                   ) 
( 0.000000000000                      , 0.000000000000                      ) 
( 0.000000000000                      , 0.000000000000                      ) 
( -1818.478238787476                  , 871.129141162523                    ) 
( -2509.604980766331                  , -1280.621276206646                  ) 
( 0.000000000000                      , 0.000000000000                      ) 
( 1567.555681779006                   , -2993.107682920663                  ) 
( 1184.926719087534                   , -562.584203879541                   ) 
( 0.000000000000                      , 0.000000000000                      ) 
( 0.000000000000                      , 0.000000000000                      ) 
( -892.877971371811                   , 2613.487111278550                   ) 
( -1064.207448754610                  , 397.013390792708                    ) 
( 0.000000000000                      , 0.000000000000                      ) 
( 0.000000000000                      , 0.000000000000                      ) 
( 0.000000000000                      , 0.000000000000                      ) 
( -1406.121455722878                  , 795.472854838933                    ) 
( -2132.716027106339                  , -1156.946189564147                  ) 
( 0.000000000000                      , 0.000000000000                      ) 
( 0.000000000000                      , 0.000000000000                      ) 
( -577.899057320495                   , 509.687472823913                    ) 
( 460.355687256044                    , -429.465278485752                   ) 
( 0.000000000000                      , 0.000000000000                      ) 
( 577.899057320495                    , -509.687472823913                   ) 
( -460.355687256044                   , 429.465278485752                    ) 
( 0.000000000000                      , 0.000000000000                      ) 
( 0.000000000000                      , 0.000000000000                      ) 
( 1406.121455722878                   , -795.472854838933                   ) 
( 2132.716027106339                   , 1156.946189564146                   ) 
( 0.000000000000                      , 0.000000000000                      ) 
( 0.000000000000                      , 0.000000000000                      ) 
( 0.000000000000                      , 0.000000000000                      ) 
( 892.877971371811                    , -2613.487111278550                  ) 
( 1064.207448754610                   , -397.013390792708                   ) 
( -621.804306294983                   , 2033.186649250050                   ) 
( -776.201727437118                   , 393.675704549224                    ) 
( 0.000000000000                      , 0.000000000000                      ) 
( -583.344553604851                   , 271.339942406992                    ) 
( -594.868984974274                   , -261.349153403660                   ) 
( -583.344553604851                   , 271.339942406992                    ) 
( -594.868984974274                   , -261.349153403660                   ) 
( 0.000000000000                      , 0.000000000000                      ) 
( -621.804306294983                   , 2033.186649250050                   ) 
( -776.201727437118                   , 393.675704549224                    ) 
( 0.000000000000                      , 0.000000000000                      ) 
( 0.000000000000                      , 0.000000000000                      ) 
( 0.000000000000                      , 0.000000000000                      ) 
( 0.000000000000                      , 0.000000000000                      ) 
( 0.000000000000                      , 0.000000000000                      ) 
( 0.000000000000                      , 0.000000000000                      ) 
( 0.000000000000                      , 0.000000000000                      ) 
( 0.000000000000                      , 0.000000000000                      ) 
( 0.000000000000                      , 0.000000000000                      ) 
( 0.000000000000                      , 0.000000000000                      ) 
( 0.000000000000                      , 0.000000000000                      ) 
( 0.000000000000                      , 0.000000000000                      ) 
( 621.804306294983                    , -2033.186649250051                  ) 
( 776.201727437118                    , -393.675704549224                   ) 
( 0.000000000000                      , 0.000000000000                      ) 
( 583.344553604851                    , -271.339942406992                   ) 
( 594.868984974274                    , 261.349153403660                    ) 
( 583.344553604851                    , -271.339942406992                   ) 
( 594.868984974274                    , 261.349153403660                    ) 
( 0.000000000000                      , 0.000000000000                      ) 
( 621.804306294983                    , -2033.186649250051                  ) 
( 776.201727437118                    , -393.675704549224                   ) 
( 0.000000000000                      , 0.000000000000                      ) 
( 0.000000000000                      , 0.000000000000                      ) 
( 892.877971371811                    , -2613.487111278550                  ) 
( 1064.207448754610                   , -397.013390792708                   ) 
( 0.000000000000                      , 0.000000000000                      ) 
( 0.000000000000                      , 0.000000000000                      ) 
( 0.000000000000                      , 0.000000000000                      ) 
( 1406.121455722878                   , -795.472854838933                   ) 
( 2132.716027106339                   , 1156.946189564146                   ) 
( 0.000000000000                      , 0.000000000000                      ) 
( 0.000000000000                      , 0.000000000000                      ) 
( 577.899057320495                    , -509.687472823913                   ) 
( -460.355687256044                   , 429.465278485752                    ) 
( 0.000000000000                      , 0.000000000000                      ) 
( 0.000000000000                      , 0.000000000000                      ) 
( -577.899057320495                   , 509.687472823913                    ) 
( 460.355687256044                    , -429.465278485752                   ) 
( 0.000000000000                      , 0.000000000000                      ) 
( 0.000000000000                      , 0.000000000000                      ) 
( -1406.121455722878                  , 795.472854838933                    ) 
( -2132.716027106339                  , -1156.946189564146                  ) 
( 0.000000000000                      , 0.000000000000                      ) 
( 0.000000000000                      , 0.000000000000                      ) 
( 0.000000000000                      , 0.000000000000                      ) 
( -892.877971371811                   , 2613.487111278550                   ) 
( -1064.207448754610                  , 397.013390792708                    ) 
( 0.000000000000                      , 0.000000000000                      ) 
( -1567.555681779006                  , 2993.107682920663                   ) 
( -1184.926719087534                  , 562.584203879541                    ) 
( 0.000000000000                      , 0.000000000000                      ) 
( 1818.478238787476                   , -871.129141162523                   ) 
( 2509.604980766331                   , 1280.621276206646                   ) 
( 0.000000000000                      , 0.000000000000                      ) 
( 0.000000000000                      , 0.000000000000                      ) 
( 1757.402977867987                   , -797.723399588997                   ) 
( -1163.178099957750                  , 682.040914905862                    ) 
( 0.000000000000                      , 0.000000000000                      ) 
( 0.000000000000                      , 0.000000000000                      ) 
( 537.516711062756                    , 213.403203354216                    ) 
( 537.516711062756                    , 213.403203354216                    ) 
( 0.000000000000                      , 0.000000000000                      ) 
( 0.000000000000                      , 0.000000000000                      ) 
( 1757.402977867987                   , -797.723399588997                   ) 
( -1163.178099957750                  , 682.040914905862                    ) 
( 0.000000000000                      , 0.000000000000                      ) 
( 0.000000000000                      , 0.000000000000                      ) 
( 1818.478238787476                   , -871.129141162523                   ) 
( 2509.604980766331                   , 1280.621276206646                   ) 
( 0.000000000000                      , 0.000000000000                      ) 
( -1567.555681779006                  , 2993.107682920663                   ) 
( -1184.926719087534                  , 562.584203879541                    ) 
( -1817.952317738226                  , 3283.997967761407                   ) 
( -1588.065408130331                  , 51.770713721414                     ) 
( 0.000000000000                      , 0.000000000000                      ) 
( 0.000000000000                      , 0.000000000000                      ) 
( 0.000000000000                      , 0.000000000000                      ) 
( 0.000000000000                      , 0.000000000000                      ) 
( 0.000000000000                      , 0.000000000000                      ) 
( 0.000000000000                      , 0.000000000000                      ) 
( 1949.696263934306                   , -1062.794521895514                  ) 
( -1411.087983823840                  , 981.026671532644                    ) 
( 0.000000000000                      , 0.000000000000                      ) 
( 0.000000000000                      , 0.000000000000                      ) 
( 0.000000000000                      , 0.000000000000                      ) 
( 0.000000000000                      , 0.000000000000                      ) 
( -1949.696263934306                  , 1062.794521895514                   ) 
( 1411.087983823840                   , -981.026671532644                   ) 
( 0.000000000000                      , 0.000000000000                      ) 
( 0.000000000000                      , 0.000000000000                      ) 
( 0.000000000000                      , 0.000000000000                      ) 
( 0.000000000000                      , 0.000000000000                      ) 
( 0.000000000000                      , 0.000000000000                      ) 
( 0.000000000000                      , 0.000000000000                      ) 
( 1817.952317738226                   , -3283.997967761407                  ) 
( 1588.065408130331                   , -51.770713721414                    ) 
( 0.000000000000                      , 0.000000000000                      ) 
( 0.000000000000                      , 0.000000000000                      ) 
( 0.000000000000                      , 0.000000000000                      ) 
( 0.000000000000                      , 0.000000000000                      ) 
( 0.000000000000                      , 0.000000000000                      ) 
( 222.880710437124                    , 509.616206899315                    ) 
( 0.000000000000                      , 0.000000000000                      ) 
( 0.000000000000                      , 0.000000000000                      ) 
( -1105.465879216682                  , 329.551275011925                    ) 
( -510.403639852039                   , -418.442621828382                   ) 
( 0.000000000000                      , 0.000000000000                      ) 
( 0.000000000000                      , 0.000000000000                      ) 
( 0.000000000000                      , 0.000000000000                      ) 
( 0.000000000000                      , 0.000000000000                      ) 
( 374.926363963540                    , -433.864419206697                   ) 
( 0.000000000000                      , 0.000000000000                      ) 
( 0.000000000000                      , 0.000000000000                      ) 
( 0.000000000000                      , 0.000000000000                      ) 
( 0.000000000000                      , 0.000000000000                      ) 
( 0.000000000000                      , 0.000000000000                      ) 
( 374.926363963540                    , -433.864419206697                   ) 
( 0.000000000000                      , 0.000000000000                      ) 
( 0.000000000000                      , 0.000000000000                      ) 
( 0.000000000000                      , 0.000000000000                      ) 
( -1105.465879216682                  , 329.551275011925                    ) 
( -510.403639852039                   , -418.442621828382                   ) 
( 0.000000000000                      , 0.000000000000                      ) 
( 0.000000000000                      , 0.000000000000                      ) 
( 0.000000000000                      , 0.000000000000                      ) 
( 222.880710437124                    , 509.616206899315                    ) 
( 0.000000000000                      , 0.000000000000                      ) 
( 0.000000000000                      , 0.000000000000                      ) 
( -66.546539696209                    , 3134.655380423362                   ) 
( -1051.408691847179                  , 1233.556758029722                   ) 
( 0.000000000000                      , 0.000000000000                      ) 
( 0.000000000000                      , 0.000000000000                      ) 
( 0.000000000000                      , 0.000000000000                      ) 
( 0.000000000000                      , 0.000000000000                      ) 
( 1184.539416693191                   , 199.459262199368                    ) 
( 0.000000000000                      , 0.000000000000                      ) 
( 0.000000000000                      , 0.000000000000                      ) 
( 0.000000000000                      , 0.000000000000                      ) 
( 0.000000000000                      , 0.000000000000                      ) 
( 0.000000000000                      , 0.000000000000                      ) 
( -624.513909110761                   , 608.104487190288                    ) 
( 630.118475585515                    , -560.065378843847                   ) 
( 0.000000000000                      , 0.000000000000                      ) 
( 0.000000000000                      , 0.000000000000                      ) 
( 116.361545838957                    , -593.352275562192                   ) 
( -116.361545838956                   , 593.352275562192                    ) 
( 0.000000000000                      , 0.000000000000                      ) 
( 0.000000000000                      , 0.000000000000                      ) 
( 624.513909110761                    , -608.104487190288                   ) 
( -630.118475585515                   , 560.065378843847                    ) 
( 0.000000000000                      , 0.000000000000                      ) 
( 0.000000000000                      , 0.000000000000                      ) 
( 0.000000000000                      , 0.000000000000                      ) 
( 0.000000000000                      , 0.000000000000                      ) 
( 0.000000000000                      , 0.000000000000                      ) 
( -1184.539416693192                  , -199.459262199368                   ) 
( 0.000000000000                      , 0.000000000000                      ) 
( 0.000000000000                      , 0.000000000000                      ) 
( 0.000000000000                      , 0.000000000000                      ) 
( 66.546539696209                     , -3134.655380423362                  ) 
( 1051.408691847179                   , -1233.556758029722                  ) 
( 0.000000000000                      , 0.000000000000                      ) 
( 0.000000000000                      , 0.000000000000                      ) 
( 0.000000000000                      , 0.000000000000                      ) 
( 0.000000000000                      , 0.000000000000                      ) 
( 0.000000000000                      , 0.000000000000                      ) 
( 0.000000000000                      , 0.000000000000                      ) 
( 0.000000000000                      , 0.000000000000                      ) 
( 0.000000000000                      , 0.000000000000                      ) 
( 0.000000000000                      , 0.000000000000                      ) 
( 0.000000000000                      , 0.000000000000                      ) 
( 0.000000000000                      , 0.000000000000                      ) 
( 0.000000000000                      , 0.000000000000                      ) 
( 0.000000000000                      , 0.000000000000                      ) 
( 0.000000000000                      , 0.000000000000                      ) 
( 0.000000000000                      , 0.000000000000                      ) 
( 0.000000000000                      , 0.000000000000                      ) 
( 0.000000000000                      , 0.000000000000                      ) 
( 0.000000000000                      , 0.000000000000                      ) 
( 0.000000000000                      , 0.000000000000                      ) 
( 0.000000000000                      , 0.000000000000                      ) 
( 0.000000000000                      , 0.000000000000                      ) 
( 0.000000000000                      , 0.000000000000                      ) 
( 0.000000000000                      , 0.000000000000                      ) 
( 0.000000000000                      , 0.000000000000                      ) 
( 0.000000000000                      , 0.000000000000                      ) 
( 0.000000000000                      , 0.000000000000                      ) 
( 0.000000000000                      , 0.000000000000                      ) 
( 0.000000000000                      , 0.000000000000                      ) 
( 0.000000000000                      , 0.000000000000                      ) 
( 0.000000000000                      , 0.000000000000                      ) 
( 0.000000000000                      , 0.000000000000                      ) 
( 0.000000000000                      , 0.000000000000                      ) 
( 0.000000000000                      , 0.000000000000                      ) 
( 0.000000000000                      , 0.000000000000                      ) 
( 0.000000000000                      , 0.000000000000                      ) 
( 0.000000000000                      , 0.000000000000                      ) 
( 0.000000000000                      , 0.000000000000                      ) 
( 0.000000000000                      , 0.000000000000                      ) 
( 0.000000000000                      , 0.000000000000                      ) 
( 0.000000000000                      , 0.000000000000                      ) 
( 0.000000000000                      , 0.000000000000                      ) 
( 0.000000000000                      , 0.000000000000                      ) 
( 0.000000000000                      , 0.000000000000                      ) 
( 0.000000000000                      , 0.000000000000                      ) 
( 0.000000000000                      , 0.000000000000                      ) 
( 0.000000000000                      , 0.000000000000                      ) 
( 0.000000000000                      , 0.000000000000                      ) 
( 0.000000000000                      , 0.000000000000                      ) 
( 0.000000000000                      , 0.000000000000                      ) 
( 0.000000000000                      , 0.000000000000                      ) 
( 0.000000000000                      , 0.000000000000                      ) 
( 0.000000000000                      , 0.000000000000                      ) 
( 0.000000000000                      , 0.000000000000                      ) 
( 0.000000000000                      , 0.000000000000                      ) 
( 0.000000000000                      , 0.000000000000                      ) 
( 0.000000000000                      , 0.000000000000                      ) 
( 0.000000000000                      , 0.000000000000                      ) 
( 0.000000000000                      , 0.000000000000                      ) 
( 0.000000000000                      , 0.000000000000                      ) 
( 0.000000000000                      , 0.000000000000                      ) 
( 0.000000000000                      , 0.000000000000                      ) 
( 0.000000000000                      , 0.000000000000                      ) 
( 0.000000000000                      , 0.000000000000                      ) 
( 0.000000000000                      , 0.000000000000                      ) 
( 0.000000000000                      , 0.000000000000                      ) 
( 0.000000000000                      , 0.000000000000                      ) 
( 0.000000000000                      , 0.000000000000                      ) 
( 0.000000000000                      , 0.000000000000                      ) 
( 0.000000000000                      , 0.000000000000                      ) 
( 0.000000000000                      , 0.000000000000                      ) 
( 0.000000000000                      , 0.000000000000                      ) 
( 0.000000000000                      , 0.000000000000                      ) 
( 0.000000000000                      , 0.000000000000                      ) 
( 0.000000000000                      , 0.000000000000                      ) 
( 0.000000000000                      , 0.000000000000                      ) 
( 0.000000000000                      , 0.000000000000                      ) 
( 0.000000000000                      , 0.000000000000                      ) 
( 0.000000000000                      , 0.000000000000                      ) 
( 0.000000000000                      , 0.000000000000                      ) 
( 0.000000000000                      , 0.000000000000                      ) 
( 0.000000000000                      , 0.000000000000                      ) 
( 0.000000000000                      , 0.000000000000                      ) 
( 0.000000000000                      , 0.000000000000                      ) 
( 0.000000000000                      , 0.000000000000                      ) 
( 0.000000000000                      , 0.000000000000                      ) 
( 0.000000000000                      , 0.000000000000                      ) 
( 0.000000000000                      , 0.000000000000                      ) 
( 0.000000000000                      , 0.000000000000                      ) 
( 0.000000000000                      , 0.000000000000                      ) 
( 0.000000000000                      , 0.000000000000                      ) 
( 0.000000000000                      , 0.000000000000                      ) 
( 0.000000000000                      , 0.000000000000                      ) 
( 0.000000000000                      , 0.000000000000                      ) 
( 0.000000000000                      , 0.000000000000                      ) 
( 0.000000000000                      , 0.000000000000                      ) 
( 0.000000000000                      , 0.000000000000                      ) 
( 0.000000000000                      , 0.000000000000                      ) 
( 0.000000000000                      , 0.000000000000                      ) 
( 0.000000000000                      , 0.000000000000                      ) 
( 0.000000000000                      , 0.000000000000                      ) 
( 0.000000000000                      , 0.000000000000                      ) 
( 0.000000000000                      , 0.000000000000                      ) 
( 0.000000000000                      , 0.000000000000                      ) 
( 0.000000000000                      , 0.000000000000                      ) 
( 0.000000000000                      , 0.000000000000                      ) 
( 0.000000000000                      , 0.000000000000                      ) 
( 0.000000000000                      , 0.000000000000                      ) 
( 0.000000000000                      , 0.000000000000                      ) 
( 0.000000000000                      , 0.000000000000                      ) 
( 0.000000000000                      , 0.000000000000                      ) 
( 0.000000000000                      , 0.000000000000                      ) 
( 0.000000000000                      , 0.000000000000                      ) 
( 0.000000000000                      , 0.000000000000                      ) 
( 0.000000000000                      , 0.000000000000                      ) 
( 0.000000000000                      , 0.000000000000                      ) 
( 0.000000000000                      , 0.000000000000                      ) 
( 0.000000000000                      , 0.000000000000                      ) 
( 0.000000000000                      , 0.000000000000                      ) 
( 0.000000000000                      , 0.000000000000                      ) 
( 0.000000000000                      , 0.000000000000                      ) 
( 0.000000000000                      , 0.000000000000                      ) 
( 0.000000000000                      , 0.000000000000                      ) 
( 0.000000000000                      , 0.000000000000                      ) 
( -66.546539696209                    , 3134.655380423362                   ) 
( -1051.408691847179                  , 1233.556758029722                   ) 
( 0.000000000000                      , 0.000000000000                      ) 
( 0.000000000000                      , 0.000000000000                      ) 
( 0.000000000000                      , 0.000000000000                      ) 
( 0.000000000000                      , 0.000000000000                      ) 
( 1184.539416693191                   , 199.459262199368                    ) 
( 0.000000000000                      , 0.000000000000                      ) 
( 0.000000000000                      , 0.000000000000                      ) 
( 0.000000000000                      , 0.000000000000                      ) 
( 0.000000000000                      , 0.000000000000                      ) 
( 0.000000000000                      , 0.000000000000                      ) 
( -624.513909110761                   , 608.104487190288                    ) 
( 630.118475585515                    , -560.065378843847                   ) 
( 0.000000000000                      , 0.000000000000                      ) 
( 0.000000000000                      , 0.000000000000                      ) 
( 116.361545838956                    , -593.352275562192                   ) 
( -116.361545838956                   , 593.352275562192                    ) 
( 0.000000000000                      , 0.000000000000                      ) 
( 0.000000000000                      , 0.000000000000                      ) 
( 624.513909110761                    , -608.104487190288                   ) 
( -630.118475585515                   , 560.065378843847                    ) 
( 0.000000000000                      , 0.000000000000                      ) 
( 0.000000000000                      , 0.000000000000                      ) 
( 0.000000000000                      , 0.000000000000                      ) 
( 0.000000000000                      , 0.000000000000                      ) 
( 0.000000000000                      , 0.000000000000                      ) 
( -1184.539416693192                  , -199.459262199368                   ) 
( 0.000000000000                      , 0.000000000000                      ) 
( 0.000000000000                      , 0.000000000000                      ) 
( 0.000000000000                      , 0.000000000000                      ) 
( 66.546539696209                     , -3134.655380423362                  ) 
( 1051.408691847179                   , -1233.556758029722                  ) 
( 0.000000000000                      , 0.000000000000                      ) 
( 0.000000000000                      , 0.000000000000                      ) 
( 0.000000000000                      , 0.000000000000                      ) 
( 0.000000000000                      , 0.000000000000                      ) 
( 0.000000000000                      , 0.000000000000                      ) 
( 0.000000000000                      , 0.000000000000                      ) 
( -222.880710437124                   , -509.616206899315                   ) 
( 0.000000000000                      , 0.000000000000                      ) 
( 0.000000000000                      , 0.000000000000                      ) 
( 1105.465879216682                   , -329.551275011925                   ) 
( 510.403639852039                    , 418.442621828382                    ) 
( 0.000000000000                      , 0.000000000000                      ) 
( 0.000000000000                      , 0.000000000000                      ) 
( 0.000000000000                      , 0.000000000000                      ) 
( 0.000000000000                      , 0.000000000000                      ) 
( -374.926363963540                   , 433.864419206697                    ) 
( 0.000000000000                      , 0.000000000000                      ) 
( 0.000000000000                      , 0.000000000000                      ) 
( 0.000000000000                      , 0.000000000000                      ) 
( 0.000000000000                      , 0.000000000000                      ) 
( -374.926363963540                   , 433.864419206697                    ) 
( 0.000000000000                      , 0.000000000000                      ) 
( 0.000000000000                      , 0.000000000000                      ) 
( 0.000000000000                      , 0.000000000000                      ) 
( 1105.465879216682                   , -329.551275011925                   ) 
( 510.403639852039                    , 418.442621828382                    ) 
( 0.000000000000                      , 0.000000000000                      ) 
( 0.000000000000                      , 0.000000000000                      ) 
( 0.000000000000                      , 0.000000000000                      ) 
( -222.880710437124                   , -509.616206899315                   ) 
( -1817.952317738226                  , 3283.997967761407                   ) 
( -1588.065408130331                  , 51.770713721414                     ) 
( 0.000000000000                      , 0.000000000000                      ) 
( 0.000000000000                      , 0.000000000000                      ) 
( 0.000000000000                      , 0.000000000000                      ) 
( 0.000000000000                      , 0.000000000000                      ) 
( 0.000000000000                      , 0.000000000000                      ) 
( 0.000000000000                      , 0.000000000000                      ) 
( 1949.696263934306                   , -1062.794521895514                  ) 
( -1411.087983823840                  , 981.026671532644                    ) 
( 0.000000000000                      , 0.000000000000                      ) 
( 0.000000000000                      , 0.000000000000                      ) 
( 0.000000000000                      , 0.000000000000                      ) 
( 0.000000000000                      , 0.000000000000                      ) 
( -1949.696263934306                  , 1062.794521895514                   ) 
( 1411.087983823840                   , -981.026671532644                   ) 
( 0.000000000000                      , 0.000000000000                      ) 
( 0.000000000000                      , 0.000000000000                      ) 
( 0.000000000000                      , 0.000000000000                      ) 
( 0.000000000000                      , 0.000000000000                      ) 
( 0.000000000000                      , 0.000000000000                      ) 
( 0.000000000000                      , 0.000000000000                      ) 
( 1817.952317738226                   , -3283.997967761407                  ) 
( 1588.065408130331                   , -51.770713721414                    ) 
( 0.000000000000                      , 0.000000000000                      ) 
( 0.000000000000                      , 0.000000000000                      ) 
( 1567.555681779005                   , -2993.107682920663                  ) 
( 1184.926719087534                   , -562.584203879541                   ) 
( 0.000000000000                      , 0.000000000000                      ) 
( -1818.478238787475                  , 871.129141162523                    ) 
( -2509.604980766331                  , -1280.621276206646                  ) 
( 0.000000000000                      , 0.000000000000                      ) 
( 0.000000000000                      , 0.000000000000                      ) 
( -1757.402977867986                  , 797.723399588998                    ) 
( 1163.178099957750                   , -682.040914905862                   ) 
( 0.000000000000                      , 0.000000000000                      ) 
( 0.000000000000                      , 0.000000000000                      ) 
( -537.516711062756                   , -213.403203354216                   ) 
( -537.516711062756                   , -213.403203354216                   ) 
( 0.000000000000                      , 0.000000000000                      ) 
( 0.000000000000                      , 0.000000000000                      ) 
( -1757.402977867986                  , 797.723399588997                    ) 
( 1163.178099957750                   , -682.040914905862                   ) 
( 0.000000000000                      , 0.000000000000                      ) 
( 0.000000000000                      , 0.000000000000                      ) 
( -1818.478238787476                  , 871.129141162523                    ) 
( -2509.604980766331                  , -1280.621276206646                  ) 
( 0.000000000000                      , 0.000000000000                      ) 
( 1567.555681779006                   , -2993.107682920663                  ) 
( 1184.926719087534                   , -562.584203879541                   ) 
( 0.000000000000                      , 0.000000000000                      ) 
( 0.000000000000                      , 0.000000000000                      ) 
( 892.877971371811                    , -2613.487111278550                  ) 
( 1064.207448754610                   , -397.013390792708                   ) 
( 0.000000000000                      , 0.000000000000                      ) 
( 0.000000000000                      , 0.000000000000                      ) 
( 0.000000000000                      , 0.000000000000                      ) 
( 1406.121455722878                   , -795.472854838933                   ) 
( 2132.716027106339                   , 1156.946189564146                   ) 
( 0.000000000000                      , 0.000000000000                      ) 
( 0.000000000000                      , 0.000000000000                      ) 
( 577.899057320495                    , -509.687472823913                   ) 
( -460.355687256044                   , 429.465278485752                    ) 
( 0.000000000000                      , 0.000000000000                      ) 
( 0.000000000000                      , 0.000000000000                      ) 
( -577.899057320495                   , 509.687472823913                    ) 
( 460.355687256044                    , -429.465278485752                   ) 
( 0.000000000000                      , 0.000000000000                      ) 
( 0.000000000000                      , 0.000000000000                      ) 
( -1406.121455722878                  , 795.472854838933                    ) 
( -2132.716027106339                  , -1156.946189564146                  ) 
( 0.000000000000                      , 0.000000000000                      ) 
( 0.000000000000                      , 0.000000000000                      ) 
( 0.000000000000                      , 0.000000000000                      ) 
( -892.877971371811                   , 2613.487111278550                   ) 
( -1064.207448754610                  , 397.013390792708                    ) 
( -621.804306294983                   , 2033.186649250050                   ) 
( -776.201727437118                   , 393.675704549224                    ) 
( 0.000000000000                      , 0.000000000000                      ) 
( -583.344553604851                   , 271.339942406992                    ) 
( -594.868984974274                   , -261.349153403660                   ) 
( -583.344553604851                   , 271.339942406992                    ) 
( -594.868984974274                   , -261.349153403660                   ) 
( 0.000000000000                      , 0.000000000000                      ) 
( -621.804306294983                   , 2033.186649250050                   ) 
( -776.201727437118                   , 393.675704549224                    ) 
( 0.000000000000                      , 0.000000000000                      ) 
( 0.000000000000                      , 0.000000000000                      ) 
( 0.000000000000                      , 0.000000000000                      ) 
( 0.000000000000                      , 0.000000000000                      ) 
( 0.000000000000                      , 0.000000000000                      ) 
( 0.000000000000                      , 0.000000000000                      ) 
( 0.000000000000                      , 0.000000000000                      ) 
( 0.000000000000                      , 0.000000000000                      ) 
( 0.000000000000                      , 0.000000000000                      ) 
( 0.000000000000                      , 0.000000000000                      ) 
( 0.000000000000                      , 0.000000000000                      ) 
( 0.000000000000                      , 0.000000000000                      ) 
( 621.804306294983                    , -2033.186649250050                  ) 
( 776.201727437118                    , -393.675704549224                   ) 
( 0.000000000000                      , 0.000000000000                      ) 
( 583.344553604851                    , -271.339942406992                   ) 
( 594.868984974274                    , 261.349153403660                    ) 
( 583.344553604851                    , -271.339942406992                   ) 
( 594.868984974274                    , 261.349153403660                    ) 
( 0.000000000000                      , 0.000000000000                      ) 
( 621.804306294983                    , -2033.186649250051                  ) 
( 776.201727437118                    , -393.675704549224                   ) 
( 0.000000000000                      , 0.000000000000                      ) 
( 0.000000000000                      , 0.000000000000                      ) 
( -892.877971371811                   , 2613.487111278550                   ) 
( -1064.207448754610                  , 397.013390792708                    ) 
( 0.000000000000                      , 0.000000000000                      ) 
( 0.000000000000                      , 0.000000000000                      ) 
( 0.000000000000                      , 0.000000000000                      ) 
( -1406.121455722878                  , 795.472854838933                    ) 
( -2132.716027106339                  , -1156.946189564146                  ) 
( 0.000000000000                      , 0.000000000000                      ) 
( 0.000000000000                      , 0.000000000000                      ) 
( -577.899057320495                   , 509.687472823913                    ) 
( 460.355687256044                    , -429.465278485752                   ) 
( 0.000000000000                      , 0.000000000000                      ) 
( 0.000000000000                      , 0.000000000000                      ) 
( 577.899057320495                    , -509.687472823913                   ) 
( -460.355687256044                   , 429.465278485752                    ) 
( 0.000000000000                      , 0.000000000000                      ) 
( 0.000000000000                      , 0.000000000000                      ) 
( 1406.121455722878                   , -795.472854838933                   ) 
( 2132.716027106339                   , 1156.946189564146                   ) 
( 0.000000000000                      , 0.000000000000                      ) 
( 0.000000000000                      , 0.000000000000                      ) 
( 0.000000000000                      , 0.000000000000                      ) 
( 892.877971371811                    , -2613.487111278550                  ) 
( 1064.207448754610                   , -397.013390792708                   ) 
( 0.000000000000                      , 0.000000000000                      ) 
( -1567.555681779006                  , 2993.107682920663                   ) 
( -1184.926719087534                  , 562.584203879541                    ) 
( 0.000000000000                      , 0.000000000000                      ) 
( 1818.478238787475                   , -871.129141162523                   ) 
( 2509.604980766331                   , 1280.621276206646                   ) 
( 0.000000000000                      , 0.000000000000                      ) 
( 0.000000000000                      , 0.000000000000                      ) 
( 1757.402977867987                   , -797.723399588997                   ) 
( -1163.178099957750                  , 682.040914905862                    ) 
( 0.000000000000                      , 0.000000000000                      ) 
( 0.000000000000                      , 0.000000000000                      ) 
( 537.516711062756                    , 213.403203354216                    ) 
( 537.516711062756                    , 213.403203354216                    ) 
( 0.000000000000                      , 0.000000000000                      ) 
( 0.000000000000                      , 0.000000000000                      ) 
( 1757.402977867986                   , -797.723399588997                   ) 
( -1163.178099957750                  , 682.040914905862                    ) 
( 0.000000000000                      , 0.000000000000                      ) 
( 0.000000000000                      , 0.000000000000                      ) 
( 1818.478238787476                   , -871.129141162523                   ) 
( 2509.604980766331                   , 1280.621276206646                   ) 
( 0.000000000000                      , 0.000000000000                      ) 
( -1567.555681779006                  , 2993.107682920663                   ) 
( -1184.926719087534                  , 562.584203879541                    ) 
( 1817.952317738226                   , -3283.997967761407                  ) 
( 1588.065408130331                   , -51.770713721414                    ) 
( 0.000000000000                      , 0.000000000000                      ) 
( 0.000000000000                      , 0.000000000000                      ) 
( 0.000000000000                      , 0.000000000000                      ) 
( 0.000000000000                      , 0.000000000000                      ) 
( 0.000000000000                      , 0.000000000000                      ) 
( 0.000000000000                      , 0.000000000000                      ) 
( -1949.696263934306                  , 1062.794521895514                   ) 
( 1411.087983823840                   , -981.026671532644                   ) 
( 0.000000000000                      , 0.000000000000                      ) 
( 0.000000000000                      , 0.000000000000                      ) 
( 0.000000000000                      , 0.000000000000                      ) 
( 0.000000000000                      , 0.000000000000                      ) 
( 1949.696263934306                   , -1062.794521895514                  ) 
( -1411.087983823840                  , 981.026671532644                    ) 
( 0.000000000000                      , 0.000000000000                      ) 
( 0.000000000000                      , 0.000000000000                      ) 
( 0.000000000000                      , 0.000000000000                      ) 
( 0.000000000000                      , 0.000000000000                      ) 
( 0.000000000000                      , 0.000000000000                      ) 
( 0.000000000000                      , 0.000000000000                      ) 
( -1817.952317738226                  , 3283.997967761407                   ) 
( -1588.065408130331                  , 51.770713721414                     ) 
( 0.000000000000                      , 0.000000000000                      ) 
( 0.000000000000                      , 0.000000000000                      ) 
( 0.000000000000                      , 0.000000000000                      ) 
( 0.000000000000                      , 0.000000000000                      ) 
( 0.000000000000                      , 0.000000000000                      ) 
( 222.880710437124                    , 509.616206899315                    ) 
( 0.000000000000                      , 0.000000000000                      ) 
( 0.000000000000                      , 0.000000000000                      ) 
( -1105.465879216682                  , 329.551275011925                    ) 
( -510.403639852039                   , -418.442621828382                   ) 
( 0.000000000000                      , 0.000000000000                      ) 
( 0.000000000000                      , 0.000000000000                      ) 
( 0.000000000000                      , 0.000000000000                      ) 
( 0.000000000000                      , 0.000000000000                      ) 
( 374.926363963540                    , -433.864419206697                   ) 
( 0.000000000000                      , 0.000000000000                      ) 
( 0.000000000000                      , 0.000000000000                      ) 
( 0.000000000000                      , 0.000000000000                      ) 
( 0.000000000000                      , 0.000000000000                      ) 
( 0.000000000000                      , 0.000000000000                      ) 
( 374.926363963540                    , -433.864419206697                   ) 
( -381.773582145662                   , 378.250924309986                    ) 
( 0.000000000000                      , 0.000000000000                      ) 
( 0.000000000000                      , 0.000000000000                      ) 
( 0.000000000000                      , 0.000000000000                      ) 
( -1105.465879216682                  , 329.551275011925                    ) 
( -510.403639852039                   , -418.442621828382                   ) 
( 0.000000000000                      , 0.000000000000                      ) 
( 0.000000000000                      , 0.000000000000                      ) 
( 0.000000000000                      , 0.000000000000                      ) 
( 222.880710437124                    , 509.616206899315                    ) 
( 0.000000000000                      , 0.000000000000                      ) 
( 0.000000000000                      , 0.000000000000                      ) 
( 66.546539696209                     , -3134.655380423362                  ) 
( 1051.408691847179                   , -1233.556758029722                  ) 
( 0.000000000000                      , 0.000000000000                      ) 
( 0.000000000000                      , 0.000000000000                      ) 
( 0.000000000000                      , 0.000000000000                      ) 
( 0.000000000000                      , 0.000000000000                      ) 
( -1184.539416693192                  , -199.459262199368                   ) 
( 0.000000000000                      , 0.000000000000                      ) 
( 0.000000000000                      , 0.000000000000                      ) 
( 0.000000000000                      , 0.000000000000                      ) 
( 0.000000000000                      , 0.000000000000                      ) 
( 0.000000000000                      , 0.000000000000                      ) 
( 624.513909110761                    , -608.104487190288                   ) 
( -630.118475585515                   , 560.065378843847                    ) 
( 0.000000000000                      , 0.000000000000                      ) 
( 0.000000000000                      , 0.000000000000                      ) 
( -116.361545838956                   , 593.352275562192                    ) 
( 116.361545838956                    , -593.352275562192                   ) 
( 0.000000000000                      , 0.000000000000                      ) 
( 0.000000000000                      , 0.000000000000                      ) 
( -624.513909110761                   , 608.104487190288                    ) 
( 630.118475585515                    , -560.065378843847                   ) 
( 0.000000000000                      , 0.000000000000                      ) 
( 0.000000000000                      , 0.000000000000                      ) 
( 0.000000000000                      , 0.000000000000                      ) 
( 0.000000000000                      , 0.000000000000                      ) 
( 0.000000000000                      , 0.000000000000                      ) 
( 1184.539416693191                   , 199.459262199368                    ) 
( 0.000000000000                      , 0.000000000000                      ) 
( 0.000000000000                      , 0.000000000000                      ) 
( 0.000000000000                      , 0.000000000000                      ) 
( -66.546539696209                    , 3134.655380423362                   ) 
( -1051.408691847179                  , 1233.556758029722                   ) 
