( 0.000000000000                      , 0.000000000000                      ) 
( 0.000000000000                      , 0.000000000000                      ) 
( 0.000000000000                      , 0.000000000000                      ) 
( 0.000000000000                      , 0.000000000000                      ) 
( 0.000000000000                      , 0.000000000000                      ) 
( 0.000000000000                      , 0.000000000000                      ) 
( 0.000000000000                      , 0.000000000000                      ) 
( 0.000000000000                      , 0.000000000000                      ) 
( 0.000000000000                      , 0.000000000000                      ) 
( 0.000000000000                      , 0.000000000000                      ) 
( 0.000000000000                      , 0.000000000000                      ) 
( 0.000000000000                      , 0.000000000000                      ) 
( 0.000000000000                      , 0.000000000000                      ) 
( 0.000000000000                      , 0.000000000000                      ) 
( 0.000000000000                      , 0.000000000000                      ) 
( 0.000000000000                      , 0.000000000000                      ) 
( 0.000000000000                      , 0.000000000000                      ) 
( 0.000000000000                      , 0.000000000000                      ) 
( 0.000000000000                      , 0.000000000000                      ) 
( 0.000000000000                      , 0.000000000000                      ) 
( 0.000000000000                      , 0.000000000000                      ) 
( 0.000000000000                      , 0.000000000000                      ) 
( 0.000000000000                      , 0.000000000000                      ) 
( 0.000000000000                      , 0.000000000000                      ) 
( 0.000000000000                      , 0.000000000000                      ) 
( 0.000000000000                      , 0.000000000000                      ) 
( 0.000000000000                      , 0.000000000000                      ) 
( 0.000000000000                      , 0.000000000000                      ) 
( 0.000000000000                      , 0.000000000000                      ) 
( 0.000000000000                      , 0.000000000000                      ) 
( 0.000000000000                      , 0.000000000000                      ) 
( 0.000000000000                      , 0.000000000000                      ) 
( 0.000000000000                      , 0.000000000000                      ) 
( 0.000000000000                      , 0.000000000000                      ) 
( 0.000000000000                      , 0.000000000000                      ) 
( 0.000000000000                      , 0.000000000000                      ) 
( 0.000000000000                      , 0.000000000000                      ) 
( 0.000000000000                      , 0.000000000000                      ) 
( 0.000000000000                      , 0.000000000000                      ) 
( 0.000000000000                      , 0.000000000000                      ) 
( 0.000000000000                      , 0.000000000000                      ) 
( 0.000000000000                      , 0.000000000000                      ) 
( 161.633661347538                    , -809.432838651323                   ) 
( 0.000000000000                      , 0.000000000000                      ) 
( 0.000000000000                      , 0.000000000000                      ) 
( 0.000000000000                      , 0.000000000000                      ) 
( 0.000000000000                      , 0.000000000000                      ) 
( 0.000000000000                      , 0.000000000000                      ) 
( 716.161533457584                    , -1758.993373583411                  ) 
( -969.612458394273                   , -1044.243428223718                  ) 
( 0.000000000000                      , 0.000000000000                      ) 
( 0.000000000000                      , 0.000000000000                      ) 
( 0.000000000000                      , 0.000000000000                      ) 
( 0.000000000000                      , 0.000000000000                      ) 
( 0.000000000000                      , 0.000000000000                      ) 
( 0.000000000000                      , 0.000000000000                      ) 
( 576.036070424483                    , -741.182797830160                   ) 
( -354.105127908013                   , 712.365058638753                    ) 
( 0.000000000000                      , 0.000000000000                      ) 
( 0.000000000000                      , 0.000000000000                      ) 
( 0.000000000000                      , 0.000000000000                      ) 
( 0.000000000000                      , 0.000000000000                      ) 
( -576.036070424483                   , 741.182797830160                    ) 
( 354.105127908013                    , -712.365058638753                   ) 
( 0.000000000000                      , 0.000000000000                      ) 
( 0.000000000000                      , 0.000000000000                      ) 
( 0.000000000000                      , 0.000000000000                      ) 
( 0.000000000000                      , 0.000000000000                      ) 
( 0.000000000000                      , 0.000000000000                      ) 
( -716.161533457584                   , 1758.993373583411                   ) 
( 969.612458394273                    , 1044.243428223718                   ) 
( 0.000000000000                      , 0.000000000000                      ) 
( 0.000000000000                      , 0.000000000000                      ) 
( 0.000000000000                      , 0.000000000000                      ) 
( 0.000000000000                      , 0.000000000000                      ) 
( -161.633661347538                   , 809.432838651323                    ) 
( 0.000000000000                      , 0.000000000000                      ) 
( 0.000000000000                      , 0.000000000000                      ) 
( 0.000000000000                      , 0.000000000000                      ) 
( 0.000000000000                      , 0.000000000000                      ) 
( 0.000000000000                      , 0.000000000000                      ) 
( 0.000000000000                      , 0.000000000000                      ) 
( 0.000000000000                      , 0.000000000000                      ) 
( 0.000000000000                      , 0.000000000000                      ) 
( -194.514869190524                   , -2617.693378927120                  ) 
( -1817.689963914755                  , -581.910268208995                   ) 
( 398.637146753394                    , -735.757942134788                   ) 
( 0.000000000000                      , 0.000000000000                      ) 
( 0.000000000000                      , 0.000000000000                      ) 
( 0.000000000000                      , 0.000000000000                      ) 
( 0.000000000000                      , 0.000000000000                      ) 
( 0.000000000000                      , 0.000000000000                      ) 
( -81.678533786542                    , -1373.369011978662                  ) 
( 0.000000000000                      , 0.000000000000                      ) 
( 0.000000000000                      , 0.000000000000                      ) 
( 0.000000000000                      , 0.000000000000                      ) 
( 0.000000000000                      , 0.000000000000                      ) 
( -413.534596966598                   , 882.453638995687                    ) 
( 541.122381591456                    , -580.241329679375                   ) 
( 0.000000000000                      , 0.000000000000                      ) 
( 0.000000000000                      , 0.000000000000                      ) 
( 413.534596966598                    , -882.453638995687                   ) 
( -541.122381591456                   , 580.241329679375                    ) 
( 0.000000000000                      , 0.000000000000                      ) 
( 0.000000000000                      , 0.000000000000                      ) 
( 0.000000000000                      , 0.000000000000                      ) 
( 0.000000000000                      , 0.000000000000                      ) 
( 81.678533786542                     , 1373.369011978662                   ) 
( 0.000000000000                      , 0.000000000000                      ) 
( 0.000000000000                      , 0.000000000000                      ) 
( 0.000000000000                      , 0.000000000000                      ) 
( 0.000000000000                      , 0.000000000000                      ) 
( 194.514869190524                    , 2617.693378927120                   ) 
( 1817.689963914755                   , 581.910268208995                    ) 
( -398.637146753394                   , 735.757942134788                    ) 
( 0.000000000000                      , 0.000000000000                      ) 
( 0.000000000000                      , 0.000000000000                      ) 
( 0.000000000000                      , 0.000000000000                      ) 
( 4249.372202481072                   , -1417.127876735996                  ) 
( 989.970122582790                    , -1638.818927412579                  ) 
( 0.000000000000                      , 0.000000000000                      ) 
( 0.000000000000                      , 0.000000000000                      ) 
( -374.513583563286                   , 872.140203305445                    ) 
( 669.638696745221                    , 856.268339399078                    ) 
( 0.000000000000                      , 0.000000000000                      ) 
( 0.000000000000                      , 0.000000000000                      ) 
( 374.513583563286                    , -872.140203305445                   ) 
( -669.638696745221                   , -856.268339399078                   ) 
( 0.000000000000                      , 0.000000000000                      ) 
( 0.000000000000                      , 0.000000000000                      ) 
( -4249.372202481072                  , 1417.127876735996                   ) 
( -989.970122582790                   , 1638.818927412579                   ) 
( 0.000000000000                      , 0.000000000000                      ) 
( 0.000000000000                      , 0.000000000000                      ) 
( 0.000000000000                      , 0.000000000000                      ) 
( 0.000000000000                      , 0.000000000000                      ) 
( 704.832105762902                    , 366.781795969314                    ) 
( 906.396070048025                    , 52.582770538769                     ) 
( 0.000000000000                      , 0.000000000000                      ) 
( 0.000000000000                      , 0.000000000000                      ) 
( 0.000000000000                      , 0.000000000000                      ) 
( 0.000000000000                      , 0.000000000000                      ) 
( -704.832105762902                   , -366.781795969314                   ) 
( -906.396070048025                   , -52.582770538769                    ) 
( 0.000000000000                      , 0.000000000000                      ) 
( 0.000000000000                      , 0.000000000000                      ) 
( 0.000000000000                      , 0.000000000000                      ) 
( -704.832105762902                   , -366.781795969314                   ) 
( -906.396070048025                   , -52.582770538769                    ) 
( 0.000000000000                      , 0.000000000000                      ) 
( 0.000000000000                      , 0.000000000000                      ) 
( 0.000000000000                      , 0.000000000000                      ) 
( 0.000000000000                      , 0.000000000000                      ) 
( 704.832105762902                    , 366.781795969314                    ) 
( 906.396070048025                    , 52.582770538769                     ) 
( 0.000000000000                      , 0.000000000000                      ) 
( 0.000000000000                      , 0.000000000000                      ) 
( -4249.372202481072                  , 1417.127876735996                   ) 
( -989.970122582790                   , 1638.818927412579                   ) 
( 0.000000000000                      , 0.000000000000                      ) 
( 0.000000000000                      , 0.000000000000                      ) 
( 374.513583563286                    , -872.140203305445                   ) 
( -669.638696745221                   , -856.268339399078                   ) 
( 0.000000000000                      , 0.000000000000                      ) 
( 0.000000000000                      , 0.000000000000                      ) 
( -374.513583563286                   , 872.140203305445                    ) 
( 669.638696745221                    , 856.268339399078                    ) 
( 0.000000000000                      , 0.000000000000                      ) 
( 0.000000000000                      , 0.000000000000                      ) 
( 4249.372202481072                   , -1417.127876735996                  ) 
( 989.970122582790                    , -1638.818927412579                  ) 
( 0.000000000000                      , 0.000000000000                      ) 
( 0.000000000000                      , 0.000000000000                      ) 
( 0.000000000000                      , 0.000000000000                      ) 
( 0.000000000000                      , 0.000000000000                      ) 
( 0.000000000000                      , 0.000000000000                      ) 
( 0.000000000000                      , 0.000000000000                      ) 
( 194.514869190524                    , 2617.693378927120                   ) 
( 1817.689963914755                   , 581.910268208995                    ) 
( -398.637146753394                   , 735.757942134788                    ) 
( 0.000000000000                      , 0.000000000000                      ) 
( 0.000000000000                      , 0.000000000000                      ) 
( 0.000000000000                      , 0.000000000000                      ) 
( 0.000000000000                      , 0.000000000000                      ) 
( 0.000000000000                      , 0.000000000000                      ) 
( 81.678533786542                     , 1373.369011978662                   ) 
( 0.000000000000                      , 0.000000000000                      ) 
( 0.000000000000                      , 0.000000000000                      ) 
( 0.000000000000                      , 0.000000000000                      ) 
( 0.000000000000                      , 0.000000000000                      ) 
( 413.534596966598                    , -882.453638995687                   ) 
( -541.122381591456                   , 580.241329679375                    ) 
( 0.000000000000                      , 0.000000000000                      ) 
( 0.000000000000                      , 0.000000000000                      ) 
( -413.534596966598                   , 882.453638995687                    ) 
( 541.122381591456                    , -580.241329679375                   ) 
( 0.000000000000                      , 0.000000000000                      ) 
( 0.000000000000                      , 0.000000000000                      ) 
( 0.000000000000                      , 0.000000000000                      ) 
( 0.000000000000                      , 0.000000000000                      ) 
( -81.678533786542                    , -1373.369011978662                  ) 
( 0.000000000000                      , 0.000000000000                      ) 
( 0.000000000000                      , 0.000000000000                      ) 
( 0.000000000000                      , 0.000000000000                      ) 
( 0.000000000000                      , 0.000000000000                      ) 
( -194.514869190524                   , -2617.693378927120                  ) 
( -1817.689963914755                  , -581.910268208995                   ) 
( 398.637146753394                    , -735.757942134788                   ) 
( 0.000000000000                      , 0.000000000000                      ) 
( 0.000000000000                      , 0.000000000000                      ) 
( 0.000000000000                      , 0.000000000000                      ) 
( 0.000000000000                      , 0.000000000000                      ) 
( 0.000000000000                      , 0.000000000000                      ) 
( -161.633661347538                   , 809.432838651323                    ) 
( 0.000000000000                      , 0.000000000000                      ) 
( 0.000000000000                      , 0.000000000000                      ) 
( 0.000000000000                      , 0.000000000000                      ) 
( 0.000000000000                      , 0.000000000000                      ) 
( 0.000000000000                      , 0.000000000000                      ) 
( -716.161533457584                   , 1758.993373583411                   ) 
( 969.612458394273                    , 1044.243428223718                   ) 
( 0.000000000000                      , 0.000000000000                      ) 
( 0.000000000000                      , 0.000000000000                      ) 
( 0.000000000000                      , 0.000000000000                      ) 
( 0.000000000000                      , 0.000000000000                      ) 
( 0.000000000000                      , 0.000000000000                      ) 
( 0.000000000000                      , 0.000000000000                      ) 
( -576.036070424484                   , 741.182797830160                    ) 
( 354.105127908013                    , -712.365058638753                   ) 
( 0.000000000000                      , 0.000000000000                      ) 
( 0.000000000000                      , 0.000000000000                      ) 
( 0.000000000000                      , 0.000000000000                      ) 
( 0.000000000000                      , 0.000000000000                      ) 
( 576.036070424483                    , -741.182797830160                   ) 
( -354.105127908013                   , 712.365058638753                    ) 
( 0.000000000000                      , 0.000000000000                      ) 
( 0.000000000000                      , 0.000000000000                      ) 
( 0.000000000000                      , 0.000000000000                      ) 
( 0.000000000000                      , 0.000000000000                      ) 
( 0.000000000000                      , 0.000000000000                      ) 
( 716.161533457584                    , -1758.993373583411                  ) 
( -969.612458394273                   , -1044.243428223718                  ) 
( 0.000000000000                      , 0.000000000000                      ) 
( 0.000000000000                      , 0.000000000000                      ) 
( 0.000000000000                      , 0.000000000000                      ) 
( 0.000000000000                      , 0.000000000000                      ) 
( 161.633661347538                    , -809.432838651323                   ) 
( 0.000000000000                      , 0.000000000000                      ) 
( 0.000000000000                      , 0.000000000000                      ) 
( 0.000000000000                      , 0.000000000000                      ) 
( 0.000000000000                      , 0.000000000000                      ) 
( 0.000000000000                      , 0.000000000000                      ) 
( 0.000000000000                      , 0.000000000000                      ) 
( 0.000000000000                      , 0.000000000000                      ) 
( 0.000000000000                      , 0.000000000000                      ) 
( 0.000000000000                      , 0.000000000000                      ) 
( 0.000000000000                      , 0.000000000000                      ) 
( 0.000000000000                      , 0.000000000000                      ) 
( 0.000000000000                      , 0.000000000000                      ) 
( 0.000000000000                      , 0.000000000000                      ) 
( 0.000000000000                      , 0.000000000000                      ) 
( 0.000000000000                      , 0.000000000000                      ) 
( 0.000000000000                      , 0.000000000000                      ) 
( 0.000000000000                      , 0.000000000000                      ) 
( 0.000000000000                      , 0.000000000000                      ) 
( 0.000000000000                      , 0.000000000000                      ) 
( 0.000000000000                      , 0.000000000000                      ) 
( 0.000000000000                      , 0.000000000000                      ) 
( 0.000000000000                      , 0.000000000000                      ) 
( 0.000000000000                      , 0.000000000000                      ) 
( 0.000000000000                      , 0.000000000000                      ) 
( 0.000000000000                      , 0.000000000000                      ) 
( 0.000000000000                      , 0.000000000000                      ) 
( 0.000000000000                      , 0.000000000000                      ) 
( 0.000000000000                      , 0.000000000000                      ) 
( 0.000000000000                      , 0.000000000000                      ) 
( 0.000000000000                      , 0.000000000000                      ) 
( 0.000000000000                      , 0.000000000000                      ) 
( 0.000000000000                      , 0.000000000000                      ) 
( 3134.655380423362                   , -66.546539696209                    ) 
( 1233.556758029722                   , -1051.408691847179                  ) 
( 0.000000000000                      , 0.000000000000                      ) 
( 0.000000000000                      , 0.000000000000                      ) 
( 0.000000000000                      , 0.000000000000                      ) 
( 0.000000000000                      , 0.000000000000                      ) 
( -199.459262199368                   , -1184.539416693191                  ) 
( 0.000000000000                      , 0.000000000000                      ) 
( 0.000000000000                      , 0.000000000000                      ) 
( 0.000000000000                      , 0.000000000000                      ) 
( 0.000000000000                      , 0.000000000000                      ) 
( 0.000000000000                      , 0.000000000000                      ) 
( 608.104487190288                    , -624.513909110761                   ) 
( -560.065378843847                   , 630.118475585515                    ) 
( 0.000000000000                      , 0.000000000000                      ) 
( 0.000000000000                      , 0.000000000000                      ) 
( -593.352275562192                   , 116.361545838957                    ) 
( -593.352275562192                   , 116.361545838957                    ) 
( 0.000000000000                      , 0.000000000000                      ) 
( 0.000000000000                      , 0.000000000000                      ) 
( 608.104487190289                    , -624.513909110761                   ) 
( -560.065378843847                   , 630.118475585515                    ) 
( 0.000000000000                      , 0.000000000000                      ) 
( 0.000000000000                      , 0.000000000000                      ) 
( 0.000000000000                      , 0.000000000000                      ) 
( 0.000000000000                      , 0.000000000000                      ) 
( 0.000000000000                      , 0.000000000000                      ) 
( -199.459262199368                   , -1184.539416693191                  ) 
( 0.000000000000                      , 0.000000000000                      ) 
( 0.000000000000                      , 0.000000000000                      ) 
( 0.000000000000                      , 0.000000000000                      ) 
( 3134.655380423362                   , -66.546539696209                    ) 
( 1233.556758029723                   , -1051.408691847179                  ) 
( 0.000000000000                      , 0.000000000000                      ) 
( 0.000000000000                      , 0.000000000000                      ) 
( 0.000000000000                      , 0.000000000000                      ) 
( 0.000000000000                      , 0.000000000000                      ) 
( 0.000000000000                      , 0.000000000000                      ) 
( 0.000000000000                      , 0.000000000000                      ) 
( 509.616206899315                    , 222.880710437124                    ) 
( 0.000000000000                      , 0.000000000000                      ) 
( 0.000000000000                      , 0.000000000000                      ) 
( -329.551275011925                   , 1105.465879216682                   ) 
( 418.442621828382                    , 510.403639852039                    ) 
( 0.000000000000                      , 0.000000000000                      ) 
( 0.000000000000                      , 0.000000000000                      ) 
( 0.000000000000                      , 0.000000000000                      ) 
( 0.000000000000                      , 0.000000000000                      ) 
( -433.864419206697                   , 374.926363963540                    ) 
( 0.000000000000                      , 0.000000000000                      ) 
( 0.000000000000                      , 0.000000000000                      ) 
( 0.000000000000                      , 0.000000000000                      ) 
( 0.000000000000                      , 0.000000000000                      ) 
( 433.864419206697                    , -374.926363963540                   ) 
( 0.000000000000                      , 0.000000000000                      ) 
( 0.000000000000                      , 0.000000000000                      ) 
( 0.000000000000                      , 0.000000000000                      ) 
( 329.551275011925                    , -1105.465879216682                  ) 
( -418.442621828382                   , -510.403639852039                   ) 
( 0.000000000000                      , 0.000000000000                      ) 
( 0.000000000000                      , 0.000000000000                      ) 
( 0.000000000000                      , 0.000000000000                      ) 
( -509.616206899315                   , -222.880710437124                   ) 
( 3283.997967761407                   , -1817.952317738226                  ) 
( 51.770713721414                     , -1588.065408130331                  ) 
( 0.000000000000                      , 0.000000000000                      ) 
( 0.000000000000                      , 0.000000000000                      ) 
( 0.000000000000                      , 0.000000000000                      ) 
( 0.000000000000                      , 0.000000000000                      ) 
( 0.000000000000                      , 0.000000000000                      ) 
( 0.000000000000                      , 0.000000000000                      ) 
( -1062.794521895515                  , 1949.696263934306                   ) 
( 981.026671532644                    , -1411.087983823840                  ) 
( 0.000000000000                      , 0.000000000000                      ) 
( 0.000000000000                      , 0.000000000000                      ) 
( 0.000000000000                      , 0.000000000000                      ) 
( 0.000000000000                      , 0.000000000000                      ) 
( -1062.794521895515                  , 1949.696263934306                   ) 
( 981.026671532644                    , -1411.087983823840                  ) 
( 0.000000000000                      , 0.000000000000                      ) 
( 0.000000000000                      , 0.000000000000                      ) 
( 0.000000000000                      , 0.000000000000                      ) 
( 0.000000000000                      , 0.000000000000                      ) 
( 0.000000000000                      , 0.000000000000                      ) 
( 0.000000000000                      , 0.000000000000                      ) 
( 3283.997967761407                   , -1817.952317738226                  ) 
( 51.770713721414                     , -1588.065408130331                  ) 
( 0.000000000000                      , 0.000000000000                      ) 
( 0.000000000000                      , 0.000000000000                      ) 
( 2993.107682920663                   , -1567.555681779005                  ) 
( 562.584203879541                    , -1184.926719087534                  ) 
( 0.000000000000                      , 0.000000000000                      ) 
( 871.129141162523                    , -1818.478238787476                  ) 
( -1280.621276206646                  , -2509.604980766331                  ) 
( 0.000000000000                      , 0.000000000000                      ) 
( 0.000000000000                      , 0.000000000000                      ) 
( -797.723399588998                   , 1757.402977867986                   ) 
( 682.040914905862                    , -1163.178099957750                  ) 
( 0.000000000000                      , 0.000000000000                      ) 
( 0.000000000000                      , 0.000000000000                      ) 
( -213.403203354216                   , -537.516711062756                   ) 
( 213.403203354216                    , 537.516711062756                    ) 
( 0.000000000000                      , 0.000000000000                      ) 
( 0.000000000000                      , 0.000000000000                      ) 
( 797.723399588998                    , -1757.402977867986                  ) 
( -682.040914905862                   , 1163.178099957750                   ) 
( 0.000000000000                      , 0.000000000000                      ) 
( 0.000000000000                      , 0.000000000000                      ) 
( -871.129141162523                   , 1818.478238787476                   ) 
( 1280.621276206646                   , 2509.604980766331                   ) 
( 0.000000000000                      , 0.000000000000                      ) 
( -2993.107682920663                  , 1567.555681779005                   ) 
( -562.584203879541                   , 1184.926719087534                   ) 
( 0.000000000000                      , 0.000000000000                      ) 
( 0.000000000000                      , 0.000000000000                      ) 
( -2613.487111278550                  , 892.877971371810                    ) 
( -397.013390792708                   , 1064.207448754610                   ) 
( 0.000000000000                      , 0.000000000000                      ) 
( 0.000000000000                      , 0.000000000000                      ) 
( 0.000000000000                      , 0.000000000000                      ) 
( 795.472854838933                    , -1406.121455722878                  ) 
( -1156.946189564146                  , -2132.716027106339                  ) 
( 0.000000000000                      , 0.000000000000                      ) 
( 0.000000000000                      , 0.000000000000                      ) 
( -509.687472823913                   , 577.899057320495                    ) 
( 429.465278485752                    , -460.355687256044                   ) 
( 0.000000000000                      , 0.000000000000                      ) 
( -509.687472823913                   , 577.899057320495                    ) 
( 429.465278485752                    , -460.355687256044                   ) 
( 0.000000000000                      , 0.000000000000                      ) 
( 0.000000000000                      , 0.000000000000                      ) 
( 795.472854838933                    , -1406.121455722878                  ) 
( -1156.946189564146                  , -2132.716027106339                  ) 
( 0.000000000000                      , 0.000000000000                      ) 
( 0.000000000000                      , 0.000000000000                      ) 
( 0.000000000000                      , 0.000000000000                      ) 
( -2613.487111278550                  , 892.877971371810                    ) 
( -397.013390792708                   , 1064.207448754610                   ) 
( -2033.186649250050                  , 621.804306294983                    ) 
( -393.675704549224                   , 776.201727437118                    ) 
( 0.000000000000                      , 0.000000000000                      ) 
( 271.339942406992                    , -583.344553604851                   ) 
( -261.349153403660                   , -594.868984974274                   ) 
( -271.339942406992                   , 583.344553604851                    ) 
( 261.349153403660                    , 594.868984974274                    ) 
( 0.000000000000                      , 0.000000000000                      ) 
( 2033.186649250050                   , -621.804306294983                   ) 
( 393.675704549224                    , -776.201727437118                   ) 
( 0.000000000000                      , 0.000000000000                      ) 
( 0.000000000000                      , 0.000000000000                      ) 
( 0.000000000000                      , 0.000000000000                      ) 
( 0.000000000000                      , 0.000000000000                      ) 
( 0.000000000000                      , 0.000000000000                      ) 
( 0.000000000000                      , 0.000000000000                      ) 
( 0.000000000000                      , 0.000000000000                      ) 
( 0.000000000000                      , 0.000000000000                      ) 
( 0.000000000000                      , 0.000000000000                      ) 
( 0.000000000000                      , 0.000000000000                      ) 
( 0.000000000000                      , 0.000000000000                      ) 
( 0.000000000000                      , 0.000000000000                      ) 
( 2033.186649250051                   , -621.804306294983                   ) 
( 393.675704549224                    , -776.201727437118                   ) 
( 0.000000000000                      , 0.000000000000                      ) 
( -271.339942406992                   , 583.344553604851                    ) 
( 261.349153403660                    , 594.868984974274                    ) 
( 271.339942406992                    , -583.344553604851                   ) 
( -261.349153403660                   , -594.868984974274                   ) 
( 0.000000000000                      , 0.000000000000                      ) 
( -2033.186649250051                  , 621.804306294983                    ) 
( -393.675704549224                   , 776.201727437118                    ) 
( 0.000000000000                      , 0.000000000000                      ) 
( 0.000000000000                      , 0.000000000000                      ) 
( 2613.487111278550                   , -892.877971371811                   ) 
( 397.013390792708                    , -1064.207448754610                  ) 
( 0.000000000000                      , 0.000000000000                      ) 
( 0.000000000000                      , 0.000000000000                      ) 
( 0.000000000000                      , 0.000000000000                      ) 
( -795.472854838933                   , 1406.121455722878                   ) 
( 1156.946189564146                   , 2132.716027106339                   ) 
( 0.000000000000                      , 0.000000000000                      ) 
( 0.000000000000                      , 0.000000000000                      ) 
( 509.687472823913                    , -577.899057320495                   ) 
( -429.465278485752                   , 460.355687256044                    ) 
( 0.000000000000                      , 0.000000000000                      ) 
( 0.000000000000                      , 0.000000000000                      ) 
( 509.687472823913                    , -577.899057320495                   ) 
( -429.465278485752                   , 460.355687256044                    ) 
( 0.000000000000                      , 0.000000000000                      ) 
( 0.000000000000                      , 0.000000000000                      ) 
( -795.472854838933                   , 1406.121455722878                   ) 
( 1156.946189564146                   , 2132.716027106339                   ) 
( 0.000000000000                      , 0.000000000000                      ) 
( 0.000000000000                      , 0.000000000000                      ) 
( 0.000000000000                      , 0.000000000000                      ) 
( 2613.487111278550                   , -892.877971371810                   ) 
( 397.013390792708                    , -1064.207448754610                  ) 
( 0.000000000000                      , 0.000000000000                      ) 
( -2993.107682920663                  , 1567.555681779005                   ) 
( -562.584203879541                   , 1184.926719087534                   ) 
( 0.000000000000                      , 0.000000000000                      ) 
( -871.129141162523                   , 1818.478238787476                   ) 
( 1280.621276206646                   , 2509.604980766331                   ) 
( 0.000000000000                      , 0.000000000000                      ) 
( 0.000000000000                      , 0.000000000000                      ) 
( 797.723399588998                    , -1757.402977867986                  ) 
( -682.040914905862                   , 1163.178099957750                   ) 
( 0.000000000000                      , 0.000000000000                      ) 
( 0.000000000000                      , 0.000000000000                      ) 
( 213.403203354216                    , 537.516711062756                    ) 
( -213.403203354216                   , -537.516711062756                   ) 
( 0.000000000000                      , 0.000000000000                      ) 
( 0.000000000000                      , 0.000000000000                      ) 
( -797.723399588998                   , 1757.402977867986                   ) 
( 682.040914905862                    , -1163.178099957750                  ) 
( 0.000000000000                      , 0.000000000000                      ) 
( 0.000000000000                      , 0.000000000000                      ) 
( 871.129141162523                    , -1818.478238787475                  ) 
( -1280.621276206646                  , -2509.604980766331                  ) 
( 0.000000000000                      , 0.000000000000                      ) 
( 2993.107682920663                   , -1567.555681779005                  ) 
( 562.584203879541                    , -1184.926719087534                  ) 
( -3283.997967761407                  , 1817.952317738226                   ) 
( -51.770713721414                    , 1588.065408130331                   ) 
( 0.000000000000                      , 0.000000000000                      ) 
( 0.000000000000                      , 0.000000000000                      ) 
( 0.000000000000                      , 0.000000000000                      ) 
( 0.000000000000                      , 0.000000000000                      ) 
( 0.000000000000                      , 0.000000000000                      ) 
( 0.000000000000                      , 0.000000000000                      ) 
( 1062.794521895515                   , -1949.696263934306                  ) 
( -981.026671532644                   , 1411.087983823840                   ) 
( 0.000000000000                      , 0.000000000000                      ) 
( 0.000000000000                      , 0.000000000000                      ) 
( 0.000000000000                      , 0.000000000000                      ) 
( 0.000000000000                      , 0.000000000000                      ) 
( 1062.794521895515                   , -1949.696263934306                  ) 
( -981.026671532644                   , 1411.087983823840                   ) 
( 0.000000000000                      , 0.000000000000                      ) 
( 0.000000000000                      , 0.000000000000                      ) 
( 0.000000000000                      , 0.000000000000                      ) 
( 0.000000000000                      , 0.000000000000                      ) 
( 0.000000000000                      , 0.000000000000                      ) 
( 0.000000000000                      , 0.000000000000                      ) 
( -3283.997967761407                  , 1817.952317738226                   ) 
( -51.770713721414                    , 1588.065408130331                   ) 
( 0.000000000000                      , 0.000000000000                      ) 
( 0.000000000000                      , 0.000000000000                      ) 
( 0.000000000000                      , 0.000000000000                      ) 
( 0.000000000000                      , 0.000000000000                      ) 
( 0.000000000000                      , 0.000000000000                      ) 
( -509.616206899315                   , -222.880710437124                   ) 
( 0.000000000000                      , 0.000000000000                      ) 
( 0.000000000000                      , 0.000000000000                      ) 
( 329.551275011925                    , -1105.465879216682                  ) 
( -418.442621828382                   , -510.403639852039                   ) 
( 0.000000000000                      , 0.000000000000                      ) 
( 0.000000000000                      , 0.000000000000                      ) 
( 0.000000000000                      , 0.000000000000                      ) 
( 0.000000000000                      , 0.000000000000                      ) 
( 433.864419206697                    , -374.926363963540                   ) 
( 0.000000000000                      , 0.000000000000                      ) 
( 0.000000000000                      , 0.000000000000                      ) 
( 0.000000000000                      , 0.000000000000                      ) 
( 0.000000000000                      , 0.000000000000                      ) 
( 0.000000000000                      , 0.000000000000                      ) 
( -433.864419206697                   , 374.926363963540                    ) 
( 0.000000000000                      , 0.000000000000                      ) 
( 0.000000000000                      , 0.000000000000                      ) 
( 0.000000000000                      , 0.000000000000                      ) 
( -329.551275011925                   , 1105.465879216682                   ) 
( 418.442621828382                    , 510.403639852039                    ) 
( 0.000000000000                      , 0.000000000000                      ) 
( 0.000000000000                      , 0.000000000000                      ) 
( 0.000000000000                      , 0.000000000000                      ) 
( 509.616206899315                    , 222.880710437125                    ) 
( 0.000000000000                      , 0.000000000000                      ) 
( 0.000000000000                      , 0.000000000000                      ) 
( -3134.655380423362                  , 66.546539696209                     ) 
( -1233.556758029722                  , 1051.408691847179                   ) 
( 0.000000000000                      , 0.000000000000                      ) 
( 0.000000000000                      , 0.000000000000                      ) 
( 0.000000000000                      , 0.000000000000                      ) 
( 0.000000000000                      , 0.000000000000                      ) 
( 199.459262199368                    , 1184.539416693191                   ) 
( 0.000000000000                      , 0.000000000000                      ) 
( 0.000000000000                      , 0.000000000000                      ) 
( 0.000000000000                      , 0.000000000000                      ) 
( 0.000000000000                      , 0.000000000000                      ) 
( 0.000000000000                      , 0.000000000000                      ) 
( -608.104487190289                   , 624.513909110761                    ) 
( 560.065378843847                    , -630.118475585515                   ) 
( 0.000000000000                      , 0.000000000000                      ) 
( 0.000000000000                      , 0.000000000000                      ) 
( 593.352275562192                    , -116.361545838957                   ) 
( 593.352275562192                    , -116.361545838957                   ) 
( 0.000000000000                      , 0.000000000000                      ) 
( 0.000000000000                      , 0.000000000000                      ) 
( -608.104487190289                   , 624.513909110761                    ) 
( 560.065378843847                    , -630.118475585515                   ) 
( 0.000000000000                      , 0.000000000000                      ) 
( 0.000000000000                      , 0.000000000000                      ) 
( 0.000000000000                      , 0.000000000000                      ) 
( 0.000000000000                      , 0.000000000000                      ) 
( 0.000000000000                      , 0.000000000000                      ) 
( 199.459262199368                    , 1184.539416693192                   ) 
( 0.000000000000                      , 0.000000000000                      ) 
( 0.000000000000                      , 0.000000000000                      ) 
( 0.000000000000                      , 0.000000000000                      ) 
( -3134.655380423362                  , 66.546539696208                     ) 
( -1233.556758029723                  , 1051.408691847179                   ) 
( 0.000000000000                      , 0.000000000000                      ) 
( 0.000000000000                      , 0.000000000000                      ) 
( 0.000000000000                      , 0.000000000000                      ) 
( 0.000000000000                      , 0.000000000000                      ) 
( 0.000000000000                      , 0.000000000000                      ) 
( 0.000000000000                      , 0.000000000000                      ) 
( 0.000000000000                      , 0.000000000000                      ) 
( 0.000000000000                      , 0.000000000000                      ) 
( 0.000000000000                      , 0.000000000000                      ) 
( 0.000000000000                      , 0.000000000000                      ) 
( 0.000000000000                      , 0.000000000000                      ) 
( 0.000000000000                      , 0.000000000000                      ) 
( 0.000000000000                      , 0.000000000000                      ) 
( 0.000000000000                      , 0.000000000000                      ) 
( 0.000000000000                      , 0.000000000000                      ) 
( 0.000000000000                      , 0.000000000000                      ) 
( 0.000000000000                      , 0.000000000000                      ) 
( 0.000000000000                      , 0.000000000000                      ) 
( 0.000000000000                      , 0.000000000000                      ) 
( 0.000000000000                      , 0.000000000000                      ) 
( 0.000000000000                      , 0.000000000000                      ) 
( 0.000000000000                      , 0.000000000000                      ) 
( 0.000000000000                      , 0.000000000000                      ) 
( 0.000000000000                      , 0.000000000000                      ) 
( 0.000000000000                      , 0.000000000000                      ) 
( 0.000000000000                      , 0.000000000000                      ) 
( 0.000000000000                      , 0.000000000000                      ) 
( 0.000000000000                      , 0.000000000000                      ) 
( 0.000000000000                      , 0.000000000000                      ) 
( 0.000000000000                      , 0.000000000000                      ) 
( 0.000000000000                      , 0.000000000000                      ) 
( 0.000000000000                      , 0.000000000000                      ) 
( 0.000000000000                      , 0.000000000000                      ) 
( 0.000000000000                      , 0.000000000000                      ) 
( 0.000000000000                      , 0.000000000000                      ) 
( 0.000000000000                      , 0.000000000000                      ) 
( 0.000000000000                      , 0.000000000000                      ) 
( 0.000000000000                      , 0.000000000000                      ) 
( 0.000000000000                      , 0.000000000000                      ) 
( 0.000000000000                      , 0.000000000000                      ) 
( 0.000000000000                      , 0.000000000000                      ) 
( 0.000000000000                      , 0.000000000000                      ) 
( 0.000000000000                      , 0.000000000000                      ) 
( 0.000000000000                      , 0.000000000000                      ) 
( 0.000000000000                      , 0.000000000000                      ) 
( 0.000000000000                      , 0.000000000000                      ) 
( 0.000000000000                      , 0.000000000000                      ) 
( 0.000000000000                      , 0.000000000000                      ) 
( 0.000000000000                      , 0.000000000000                      ) 
( 0.000000000000                      , 0.000000000000                      ) 
( 0.000000000000                      , 0.000000000000                      ) 
( 0.000000000000                      , 0.000000000000                      ) 
( 0.000000000000                      , 0.000000000000                      ) 
( 0.000000000000                      , 0.000000000000                      ) 
( 0.000000000000                      , 0.000000000000                      ) 
( 0.000000000000                      , 0.000000000000                      ) 
( 0.000000000000                      , 0.000000000000                      ) 
( 0.000000000000                      , 0.000000000000                      ) 
( 0.000000000000                      , 0.000000000000                      ) 
( 0.000000000000                      , 0.000000000000                      ) 
( 0.000000000000                      , 0.000000000000                      ) 
( 0.000000000000                      , 0.000000000000                      ) 
( 0.000000000000                      , 0.000000000000                      ) 
( 0.000000000000                      , 0.000000000000                      ) 
( 0.000000000000                      , 0.000000000000                      ) 
( 0.000000000000                      , 0.000000000000                      ) 
( 0.000000000000                      , 0.000000000000                      ) 
( 0.000000000000                      , 0.000000000000                      ) 
( 0.000000000000                      , 0.000000000000                      ) 
( 0.000000000000                      , 0.000000000000                      ) 
( 0.000000000000                      , 0.000000000000                      ) 
( 0.000000000000                      , 0.000000000000                      ) 
( 0.000000000000                      , 0.000000000000                      ) 
( 0.000000000000                      , 0.000000000000                      ) 
( 0.000000000000                      , 0.000000000000                      ) 
( 0.000000000000                      , 0.000000000000                      ) 
( 0.000000000000                      , 0.000000000000                      ) 
( 0.000000000000                      , 0.000000000000                      ) 
( 0.000000000000                      , 0.000000000000                      ) 
( 0.000000000000                      , 0.000000000000                      ) 
( 0.000000000000                      , 0.000000000000                      ) 
( 0.000000000000                      , 0.000000000000                      ) 
( 0.000000000000                      , 0.000000000000                      ) 
( 0.000000000000                      , 0.000000000000                      ) 
( 0.000000000000                      , 0.000000000000                      ) 
( 0.000000000000                      , 0.000000000000                      ) 
( 0.000000000000                      , 0.000000000000                      ) 
( 0.000000000000                      , 0.000000000000                      ) 
( 0.000000000000                      , 0.000000000000                      ) 
( 0.000000000000                      , 0.000000000000                      ) 
( 0.000000000000                      , 0.000000000000                      ) 
( 0.000000000000                      , 0.000000000000                      ) 
( 0.000000000000                      , 0.000000000000                      ) 
( 0.000000000000                      , 0.000000000000                      ) 
( 0.000000000000                      , 0.000000000000                      ) 
( 0.000000000000                      , 0.000000000000                      ) 
( 0.000000000000                      , 0.000000000000                      ) 
( 0.000000000000                      , 0.000000000000                      ) 
( 0.000000000000                      , 0.000000000000                      ) 
( 0.000000000000                      , 0.000000000000                      ) 
( 0.000000000000                      , 0.000000000000                      ) 
( 0.000000000000                      , 0.000000000000                      ) 
( 0.000000000000                      , 0.000000000000                      ) 
( 0.000000000000                      , 0.000000000000                      ) 
( 0.000000000000                      , 0.000000000000                      ) 
( 0.000000000000                      , 0.000000000000                      ) 
( 0.000000000000                      , 0.000000000000                      ) 
( 0.000000000000                      , 0.000000000000                      ) 
( 0.000000000000                      , 0.000000000000                      ) 
( 0.000000000000                      , 0.000000000000                      ) 
( 0.000000000000                      , 0.000000000000                      ) 
( 0.000000000000                      , 0.000000000000                      ) 
( 0.000000000000                      , 0.000000000000                      ) 
( 0.000000000000                      , 0.000000000000                      ) 
( 0.000000000000                      , 0.000000000000                      ) 
( 0.000000000000                      , 0.000000000000                      ) 
( 0.000000000000                      , 0.000000000000                      ) 
( 0.000000000000                      , 0.000000000000                      ) 
( 0.000000000000                      , 0.000000000000                      ) 
( 0.000000000000                      , 0.000000000000                      ) 
( 0.000000000000                      , 0.000000000000                      ) 
( 0.000000000000                      , 0.000000000000                      ) 
( 0.000000000000                      , 0.000000000000                      ) 
( -3134.655380423362                  , 66.546539696209                     ) 
( -1233.556758029722                  , 1051.408691847179                   ) 
( 0.000000000000                      , 0.000000000000                      ) 
( 0.000000000000                      , 0.000000000000                      ) 
( 0.000000000000                      , 0.000000000000                      ) 
( 0.000000000000                      , 0.000000000000                      ) 
( 199.459262199368                    , 1184.539416693191                   ) 
( 0.000000000000                      , 0.000000000000                      ) 
( 0.000000000000                      , 0.000000000000                      ) 
( 0.000000000000                      , 0.000000000000                      ) 
( 0.000000000000                      , 0.000000000000                      ) 
( 0.000000000000                      , 0.000000000000                      ) 
( -608.104487190289                   , 624.513909110761                    ) 
( 560.065378843847                    , -630.118475585515                   ) 
( 0.000000000000                      , 0.000000000000                      ) 
( 0.000000000000                      , 0.000000000000                      ) 
( 593.352275562192                    , -116.361545838957                   ) 
( 593.352275562192                    , -116.361545838957                   ) 
( 0.000000000000                      , 0.000000000000                      ) 
( 0.000000000000                      , 0.000000000000                      ) 
( -608.104487190288                   , 624.513909110761                    ) 
( 560.065378843847                    , -630.118475585515                   ) 
( 0.000000000000                      , 0.000000000000                      ) 
( 0.000000000000                      , 0.000000000000                      ) 
( 0.000000000000                      , 0.000000000000                      ) 
( 0.000000000000                      , 0.000000000000                      ) 
( 0.000000000000                      , 0.000000000000                      ) 
( 199.459262199368                    , 1184.539416693192                   ) 
( 0.000000000000                      , 0.000000000000                      ) 
( 0.000000000000                      , 0.000000000000                      ) 
( 0.000000000000                      , 0.000000000000                      ) 
( -3134.655380423362                  , 66.546539696209                     ) 
( -1233.556758029722                  , 1051.408691847179                   ) 
( 0.000000000000                      , 0.000000000000                      ) 
( 0.000000000000                      , 0.000000000000                      ) 
( 0.000000000000                      , 0.000000000000                      ) 
( 0.000000000000                      , 0.000000000000                      ) 
( 0.000000000000                      , 0.000000000000                      ) 
( 0.000000000000                      , 0.000000000000                      ) 
( 509.616206899315                    , 222.880710437124                    ) 
( 0.000000000000                      , 0.000000000000                      ) 
( 0.000000000000                      , 0.000000000000                      ) 
( -329.551275011925                   , 1105.465879216682                   ) 
( 418.442621828382                    , 510.403639852039                    ) 
( 0.000000000000                      , 0.000000000000                      ) 
( 0.000000000000                      , 0.000000000000                      ) 
( 0.000000000000                      , 0.000000000000                      ) 
( 0.000000000000                      , 0.000000000000                      ) 
( -433.864419206697                   , 374.926363963540                    ) 
( 0.000000000000                      , 0.000000000000                      ) 
( 0.000000000000                      , 0.000000000000                      ) 
( 0.000000000000                      , 0.000000000000                      ) 
( 0.000000000000                      , 0.000000000000                      ) 
( 433.864419206697                    , -374.926363963540                   ) 
( 0.000000000000                      , 0.000000000000                      ) 
( 0.000000000000                      , 0.000000000000                      ) 
( 0.000000000000                      , 0.000000000000                      ) 
( 329.551275011925                    , -1105.465879216682                  ) 
( -418.442621828382                   , -510.403639852039                   ) 
( 0.000000000000                      , 0.000000000000                      ) 
( 0.000000000000                      , 0.000000000000                      ) 
( 0.000000000000                      , 0.000000000000                      ) 
( -509.616206899315                   , -222.880710437124                   ) 
( -3283.997967761407                  , 1817.952317738226                   ) 
( -51.770713721414                    , 1588.065408130331                   ) 
( 0.000000000000                      , 0.000000000000                      ) 
( 0.000000000000                      , 0.000000000000                      ) 
( 0.000000000000                      , 0.000000000000                      ) 
( 0.000000000000                      , 0.000000000000                      ) 
( 0.000000000000                      , 0.000000000000                      ) 
( 0.000000000000                      , 0.000000000000                      ) 
( 1062.794521895515                   , -1949.696263934306                  ) 
( -981.026671532644                   , 1411.087983823840                   ) 
( 0.000000000000                      , 0.000000000000                      ) 
( 0.000000000000                      , 0.000000000000                      ) 
( 0.000000000000                      , 0.000000000000                      ) 
( 0.000000000000                      , 0.000000000000                      ) 
( 1062.794521895515                   , -1949.696263934306                  ) 
( -981.026671532644                   , 1411.087983823840                   ) 
( 0.000000000000                      , 0.000000000000                      ) 
( 0.000000000000                      , 0.000000000000                      ) 
( 0.000000000000                      , 0.000000000000                      ) 
( 0.000000000000                      , 0.000000000000                      ) 
( 0.000000000000                      , 0.000000000000                      ) 
( 0.000000000000                      , 0.000000000000                      ) 
( -3283.997967761407                  , 1817.952317738226                   ) 
( -51.770713721414                    , 1588.065408130331                   ) 
( 0.000000000000                      , 0.000000000000                      ) 
( 0.000000000000                      , 0.000000000000                      ) 
( 2993.107682920663                   , -1567.555681779006                  ) 
( 562.584203879541                    , -1184.926719087534                  ) 
( 0.000000000000                      , 0.000000000000                      ) 
( 871.129141162523                    , -1818.478238787475                  ) 
( -1280.621276206646                  , -2509.604980766331                  ) 
( 0.000000000000                      , 0.000000000000                      ) 
( 0.000000000000                      , 0.000000000000                      ) 
( -797.723399588998                   , 1757.402977867986                   ) 
( 682.040914905862                    , -1163.178099957750                  ) 
( 0.000000000000                      , 0.000000000000                      ) 
( 0.000000000000                      , 0.000000000000                      ) 
( -213.403203354216                   , -537.516711062756                   ) 
( 213.403203354216                    , 537.516711062756                    ) 
( 0.000000000000                      , 0.000000000000                      ) 
( 0.000000000000                      , 0.000000000000                      ) 
( 797.723399588998                    , -1757.402977867986                  ) 
( -682.040914905862                   , 1163.178099957750                   ) 
( 0.000000000000                      , 0.000000000000                      ) 
( 0.000000000000                      , 0.000000000000                      ) 
( -871.129141162523                   , 1818.478238787476                   ) 
( 1280.621276206646                   , 2509.604980766331                   ) 
( 0.000000000000                      , 0.000000000000                      ) 
( -2993.107682920663                  , 1567.555681779005                   ) 
( -562.584203879541                   , 1184.926719087534                   ) 
( 0.000000000000                      , 0.000000000000                      ) 
( 0.000000000000                      , 0.000000000000                      ) 
( 2613.487111278550                   , -892.877971371811                   ) 
( 397.013390792708                    , -1064.207448754610                  ) 
( 0.000000000000                      , 0.000000000000                      ) 
( 0.000000000000                      , 0.000000000000                      ) 
( 0.000000000000                      , 0.000000000000                      ) 
( -795.472854838933                   , 1406.121455722878                   ) 
( 1156.946189564146                   , 2132.716027106339                   ) 
( 0.000000000000                      , 0.000000000000                      ) 
( 0.000000000000                      , 0.000000000000                      ) 
( 509.687472823913                    , -577.899057320495                   ) 
( -429.465278485752                   , 460.355687256044                    ) 
( 0.000000000000                      , 0.000000000000                      ) 
( 0.000000000000                      , 0.000000000000                      ) 
( 509.687472823913                    , -577.899057320495                   ) 
( -429.465278485752                   , 460.355687256044                    ) 
( 0.000000000000                      , 0.000000000000                      ) 
( 0.000000000000                      , 0.000000000000                      ) 
( -795.472854838933                   , 1406.121455722878                   ) 
( 1156.946189564146                   , 2132.716027106339                   ) 
( 0.000000000000                      , 0.000000000000                      ) 
( 0.000000000000                      , 0.000000000000                      ) 
( 0.000000000000                      , 0.000000000000                      ) 
( 2613.487111278550                   , -892.877971371810                   ) 
( 397.013390792708                    , -1064.207448754610                  ) 
( -2033.186649250050                  , 621.804306294983                    ) 
( -393.675704549224                   , 776.201727437118                    ) 
( 0.000000000000                      , 0.000000000000                      ) 
( 271.339942406992                    , -583.344553604851                   ) 
( -261.349153403660                   , -594.868984974274                   ) 
( -271.339942406992                   , 583.344553604851                    ) 
( 261.349153403660                    , 594.868984974274                    ) 
( 0.000000000000                      , 0.000000000000                      ) 
( 2033.186649250050                   , -621.804306294983                   ) 
( 393.675704549224                    , -776.201727437118                   ) 
( 0.000000000000                      , 0.000000000000                      ) 
( 0.000000000000                      , 0.000000000000                      ) 
( 0.000000000000                      , 0.000000000000                      ) 
( 0.000000000000                      , 0.000000000000                      ) 
( 0.000000000000                      , 0.000000000000                      ) 
( 0.000000000000                      , 0.000000000000                      ) 
( 0.000000000000                      , 0.000000000000                      ) 
( 0.000000000000                      , 0.000000000000                      ) 
( 0.000000000000                      , 0.000000000000                      ) 
( 0.000000000000                      , 0.000000000000                      ) 
( 0.000000000000                      , 0.000000000000                      ) 
( 0.000000000000                      , 0.000000000000                      ) 
( 2033.186649250051                   , -621.804306294983                   ) 
( 393.675704549224                    , -776.201727437118                   ) 
( 0.000000000000                      , 0.000000000000                      ) 
( -271.339942406992                   , 583.344553604851                    ) 
( 261.349153403660                    , 594.868984974274                    ) 
( 271.339942406992                    , -583.344553604851                   ) 
( -261.349153403660                   , -594.868984974274                   ) 
( 0.000000000000                      , 0.000000000000                      ) 
( -2033.186649250051                  , 621.804306294983                    ) 
( -393.675704549224                   , 776.201727437118                    ) 
( 0.000000000000                      , 0.000000000000                      ) 
( 0.000000000000                      , 0.000000000000                      ) 
( -2613.487111278550                  , 892.877971371811                    ) 
( -397.013390792708                   , 1064.207448754610                   ) 
( 0.000000000000                      , 0.000000000000                      ) 
( 0.000000000000                      , 0.000000000000                      ) 
( 0.000000000000                      , 0.000000000000                      ) 
( 795.472854838933                    , -1406.121455722878                  ) 
( -1156.946189564146                  , -2132.716027106339                  ) 
( 0.000000000000                      , 0.000000000000                      ) 
( 0.000000000000                      , 0.000000000000                      ) 
( -509.687472823913                   , 577.899057320495                    ) 
( 429.465278485752                    , -460.355687256044                   ) 
( 0.000000000000                      , 0.000000000000                      ) 
( 0.000000000000                      , 0.000000000000                      ) 
( -509.687472823913                   , 577.899057320495                    ) 
( 429.465278485752                    , -460.355687256044                   ) 
( 0.000000000000                      , 0.000000000000                      ) 
( 0.000000000000                      , 0.000000000000                      ) 
( 795.472854838933                    , -1406.121455722878                  ) 
( -1156.946189564146                  , -2132.716027106339                  ) 
( 0.000000000000                      , 0.000000000000                      ) 
( 0.000000000000                      , 0.000000000000                      ) 
( 0.000000000000                      , 0.000000000000                      ) 
( -2613.487111278550                  , 892.877971371811                    ) 
( -397.013390792708                   , 1064.207448754610                   ) 
( 0.000000000000                      , 0.000000000000                      ) 
( -2993.107682920663                  , 1567.555681779005                   ) 
( -562.584203879541                   , 1184.926719087534                   ) 
( 0.000000000000                      , 0.000000000000                      ) 
( -871.129141162523                   , 1818.478238787476                   ) 
( 1280.621276206646                   , 2509.604980766331                   ) 
( 0.000000000000                      , 0.000000000000                      ) 
( 0.000000000000                      , 0.000000000000                      ) 
( 797.723399588998                    , -1757.402977867986                  ) 
( -682.040914905862                   , 1163.178099957750                   ) 
( 0.000000000000                      , 0.000000000000                      ) 
( 0.000000000000                      , 0.000000000000                      ) 
( 213.403203354216                    , 537.516711062756                    ) 
( -213.403203354216                   , -537.516711062756                   ) 
( 0.000000000000                      , 0.000000000000                      ) 
( 0.000000000000                      , 0.000000000000                      ) 
( -797.723399588998                   , 1757.402977867986                   ) 
( 682.040914905862                    , -1163.178099957750                  ) 
( 0.000000000000                      , 0.000000000000                      ) 
( 0.000000000000                      , 0.000000000000                      ) 
( 871.129141162523                    , -1818.478238787476                  ) 
( -1280.621276206646                  , -2509.604980766331                  ) 
( 0.000000000000                      , 0.000000000000                      ) 
( 2993.107682920663                   , -1567.555681779005                  ) 
( 562.584203879541                    , -1184.926719087534                  ) 
( 3283.997967761407                   , -1817.952317738226                  ) 
( 51.770713721414                     , -1588.065408130331                  ) 
( 0.000000000000                      , 0.000000000000                      ) 
( 0.000000000000                      , 0.000000000000                      ) 
( 0.000000000000                      , 0.000000000000                      ) 
( 0.000000000000                      , 0.000000000000                      ) 
( 0.000000000000                      , 0.000000000000                      ) 
( 0.000000000000                      , 0.000000000000                      ) 
( -1062.794521895515                  , 1949.696263934306                   ) 
( 981.026671532644                    , -1411.087983823840                  ) 
( 0.000000000000                      , 0.000000000000                      ) 
( 0.000000000000                      , 0.000000000000                      ) 
( 0.000000000000                      , 0.000000000000                      ) 
( 0.000000000000                      , 0.000000000000                      ) 
( -1062.794521895514                  , 1949.696263934306                   ) 
( 981.026671532644                    , -1411.087983823840                  ) 
( 0.000000000000                      , 0.000000000000                      ) 
( 0.000000000000                      , 0.000000000000                      ) 
( 0.000000000000                      , 0.000000000000                      ) 
( 0.000000000000                      , 0.000000000000                      ) 
( 0.000000000000                      , 0.000000000000                      ) 
( 0.000000000000                      , 0.000000000000                      ) 
( 3283.997967761407                   , -1817.952317738226                  ) 
( 51.770713721414                     , -1588.065408130331                  ) 
( 0.000000000000                      , 0.000000000000                      ) 
( 0.000000000000                      , 0.000000000000                      ) 
( 0.000000000000                      , 0.000000000000                      ) 
( 0.000000000000                      , 0.000000000000                      ) 
( 0.000000000000                      , 0.000000000000                      ) 
( -509.616206899315                   , -222.880710437124                   ) 
( 0.000000000000                      , 0.000000000000                      ) 
( 0.000000000000                      , 0.000000000000                      ) 
( 329.551275011925                    , -1105.465879216682                  ) 
( -418.442621828382                   , -510.403639852039                   ) 
( 0.000000000000                      , 0.000000000000                      ) 
( 0.000000000000                      , 0.000000000000                      ) 
( 0.000000000000                      , 0.000000000000                      ) 
( 0.000000000000                      , 0.000000000000                      ) 
( 433.864419206697                    , -374.926363963540                   ) 
( 0.000000000000                      , 0.000000000000                      ) 
( 0.000000000000                      , 0.000000000000                      ) 
( 0.000000000000                      , 0.000000000000                      ) 
( 0.000000000000                      , 0.000000000000                      ) 
( 0.000000000000                      , 0.000000000000                      ) 
( -433.864419206697                   , 374.926363963540                    ) 
( 378.250924309986                    , -381.773582145662                   ) 
( 0.000000000000                      , 0.000000000000                      ) 
( 0.000000000000                      , 0.000000000000                      ) 
( 0.000000000000                      , 0.000000000000                      ) 
( -329.551275011925                   , 1105.465879216682                   ) 
( 418.442621828382                    , 510.403639852039                    ) 
( 0.000000000000                      , 0.000000000000                      ) 
( 0.000000000000                      , 0.000000000000                      ) 
( 0.000000000000                      , 0.000000000000                      ) 
( 509.616206899315                    , 222.880710437124                    ) 
( 0.000000000000                      , 0.000000000000                      ) 
( 0.000000000000                      , 0.000000000000                      ) 
( 3134.655380423362                   , -66.546539696209                    ) 
( 1233.556758029722                   , -1051.408691847179                  ) 
( 0.000000000000                      , 0.000000000000                      ) 
( 0.000000000000                      , 0.000000000000                      ) 
( 0.000000000000                      , 0.000000000000                      ) 
( 0.000000000000                      , 0.000000000000                      ) 
( -199.459262199368                   , -1184.539416693192                  ) 
( 0.000000000000                      , 0.000000000000                      ) 
( 0.000000000000                      , 0.000000000000                      ) 
( 0.000000000000                      , 0.000000000000                      ) 
( 0.000000000000                      , 0.000000000000                      ) 
( 0.000000000000                      , 0.000000000000                      ) 
( 608.104487190288                    , -624.513909110761                   ) 
( -560.065378843847                   , 630.118475585515                    ) 
( 0.000000000000                      , 0.000000000000                      ) 
( 0.000000000000                      , 0.000000000000                      ) 
( -593.352275562192                   , 116.361545838957                    ) 
( -593.352275562192                   , 116.361545838957                    ) 
( 0.000000000000                      , 0.000000000000                      ) 
( 0.000000000000                      , 0.000000000000                      ) 
( 608.104487190289                    , -624.513909110761                   ) 
( -560.065378843847                   , 630.118475585515                    ) 
( 0.000000000000                      , 0.000000000000                      ) 
( 0.000000000000                      , 0.000000000000                      ) 
( 0.000000000000                      , 0.000000000000                      ) 
( 0.000000000000                      , 0.000000000000                      ) 
( 0.000000000000                      , 0.000000000000                      ) 
( -199.459262199368                   , -1184.539416693191                  ) 
( 0.000000000000                      , 0.000000000000                      ) 
( 0.000000000000                      , 0.000000000000                      ) 
( 0.000000000000                      , 0.000000000000                      ) 
( 3134.655380423362                   , -66.546539696209                    ) 
( 1233.556758029722                   , -1051.408691847179                  ) 
