( -0.000000072000                     , 0.000000000000                      ) 
( 0.000000000000                      , 0.000000000000                      ) 
( 0.000000000000                      , 0.000000000000                      ) 
( 0.000000000000                      , 0.000000000000                      ) 
( 0.000000000000                      , 0.000000000000                      ) 
( 0.000000000000                      , 0.000000000000                      ) 
( 0.000000000000                      , 0.000000000000                      ) 
( 0.000000000000                      , 0.000000000000                      ) 
( 0.000000000000                      , 0.000000000000                      ) 
( 0.000000000000                      , 0.000000000000                      ) 
( 0.000000000000                      , 0.000000000000                      ) 
( 0.000000000000                      , 0.000000000000                      ) 
( 0.000000000000                      , 0.000000000000                      ) 
( 0.000000000000                      , 0.000000000000                      ) 
( 0.000000000000                      , 0.000000000000                      ) 
( 0.000000000000                      , 0.000000000000                      ) 
( 0.000000000000                      , 0.000000000000                      ) 
( 0.000000000000                      , 0.000000000000                      ) 
( 0.000000000000                      , 0.000000000000                      ) 
( 0.000000000000                      , 0.000000000000                      ) 
( 0.000000000000                      , 0.000000000000                      ) 
( 0.000000000000                      , 0.000000000000                      ) 
( 0.000000000000                      , 0.000000000000                      ) 
( 0.000000000000                      , 0.000000000000                      ) 
( 0.000000000000                      , 0.000000000000                      ) 
( 0.000000000000                      , 0.000000000000                      ) 
( 0.000000000000                      , 0.000000000000                      ) 
( 0.000000000000                      , 0.000000000000                      ) 
( 0.000000000000                      , 0.000000000000                      ) 
( 0.000000000000                      , 0.000000000000                      ) 
( 0.000000000000                      , 0.000000000000                      ) 
( 0.000000000000                      , 0.000000000000                      ) 
( 0.000000000000                      , 0.000000000000                      ) 
( 0.000000000000                      , 0.000000000000                      ) 
( 0.000000000000                      , 0.000000000000                      ) 
( 0.000000000000                      , 0.000000000000                      ) 
( 0.000000000000                      , 0.000000000000                      ) 
( 0.000000000000                      , 0.000000000000                      ) 
( 0.000000000000                      , 0.000000000000                      ) 
( 0.000000000000                      , 0.000000000000                      ) 
( 0.000000000000                      , 0.000000000000                      ) 
( 0.000000000000                      , 0.000000000000                      ) 
( -236728530.054530382156             , 35550868.635551333427               ) 
( 29229283.749914415181               , 108438344.510537534952              ) 
( 0.000000000000                      , 0.000000000000                      ) 
( 0.000000000000                      , 0.000000000000                      ) 
( 0.000000000000                      , 0.000000000000                      ) 
( 0.000000000000                      , 0.000000000000                      ) 
( 149593681.764055192471              , 736930422.431572079659              ) 
( -118921482.087493032217             , 116567005.756628572941              ) 
( 0.000000000000                      , 0.000000000000                      ) 
( 0.000000000000                      , 0.000000000000                      ) 
( 0.000000000000                      , 0.000000000000                      ) 
( 0.000000000000                      , 0.000000000000                      ) 
( 0.000000000000                      , 0.000000000000                      ) 
( 0.000000000000                      , 0.000000000000                      ) 
( 0.000000000000                      , 0.000000000000                      ) 
( 0.000000000000                      , 0.000000000000                      ) 
( 0.000000000000                      , 0.000000000000                      ) 
( 0.000000000000                      , 0.000000000000                      ) 
( 0.000000000000                      , 0.000000000000                      ) 
( 0.000000000000                      , 0.000000000000                      ) 
( 0.000000000000                      , 0.000000000000                      ) 
( 0.000000000000                      , 0.000000000000                      ) 
( 0.000000000000                      , 0.000000000000                      ) 
( 0.000000000000                      , 0.000000000000                      ) 
( 0.000000000000                      , 0.000000000000                      ) 
( 0.000000000000                      , 0.000000000000                      ) 
( 0.000000000000                      , 0.000000000000                      ) 
( -149593681.764055281878             , -736930422.431571722031             ) 
( 118921482.087492957711              , -116567005.756628751755             ) 
( 0.000000000000                      , 0.000000000000                      ) 
( 0.000000000000                      , 0.000000000000                      ) 
( 0.000000000000                      , 0.000000000000                      ) 
( 0.000000000000                      , 0.000000000000                      ) 
( 236728530.054530262947              , -35550868.635551482439              ) 
( -29229283.749914593995              , -108438344.510537534952             ) 
( 0.000000000000                      , 0.000000000000                      ) 
( 0.000000000000                      , 0.000000000000                      ) 
( 0.000000000000                      , 0.000000000000                      ) 
( 0.000000000000                      , 0.000000000000                      ) 
( 0.000000000000                      , 0.000000000000                      ) 
( 0.000000000000                      , 0.000000000000                      ) 
( 0.000000000000                      , 0.000000000000                      ) 
( -849856793.658492326736             , 118656330.386514887214              ) 
( 89796723.836643755436               , 367983663.242724418640              ) 
( -71665930.936917573214              , -30563192.304785091430              ) 
( 0.000000000000                      , 0.000000000000                      ) 
( 0.000000000000                      , 0.000000000000                      ) 
( 0.000000000000                      , 0.000000000000                      ) 
( 0.000000000000                      , 0.000000000000                      ) 
( -77180146.764692589641              , -360681450.187339067459             ) 
( 78344982.491399765015               , -22684958.336068220437              ) 
( 0.000000000000                      , 0.000000000000                      ) 
( 0.000000000000                      , 0.000000000000                      ) 
( 0.000000000000                      , 0.000000000000                      ) 
( 0.000000000000                      , 0.000000000000                      ) 
( 0.000000000000                      , 0.000000000000                      ) 
( 0.000000000000                      , 0.000000000000                      ) 
( 0.000000000000                      , 0.000000000000                      ) 
( 0.000000000000                      , 0.000000000000                      ) 
( 0.000000000000                      , 0.000000000000                      ) 
( 0.000000000000                      , 0.000000000000                      ) 
( 0.000000000000                      , 0.000000000000                      ) 
( 0.000000000000                      , 0.000000000000                      ) 
( 0.000000000000                      , 0.000000000000                      ) 
( 77180146.764692455530               , 360681450.187339067459              ) 
( -78344982.491399675608              , 22684958.336068287492               ) 
( 0.000000000000                      , 0.000000000000                      ) 
( 0.000000000000                      , 0.000000000000                      ) 
( 0.000000000000                      , 0.000000000000                      ) 
( 0.000000000000                      , 0.000000000000                      ) 
( 849856793.658492326736              , -118656330.386514782906             ) 
( -89796723.836643949151              , -367983663.242724418640             ) 
( 71665930.936917692423               , 30563192.304785266519               ) 
( 0.000000000000                      , 0.000000000000                      ) 
( 0.000000000000                      , 0.000000000000                      ) 
( 0.000000000000                      , 0.000000000000                      ) 
( 88945625.440032184124               , 49765207.513086095452               ) 
( 59737447.682723715901               , 32911083.591647855937               ) 
( 0.000000000000                      , 0.000000000000                      ) 
( 0.000000000000                      , 0.000000000000                      ) 
( 0.000000000000                      , 0.000000000000                      ) 
( 0.000000000000                      , 0.000000000000                      ) 
( 0.000000000000                      , 0.000000000000                      ) 
( 0.000000000000                      , 0.000000000000                      ) 
( 0.000000000000                      , 0.000000000000                      ) 
( 0.000000000000                      , 0.000000000000                      ) 
( 0.000000000000                      , 0.000000000000                      ) 
( 0.000000000000                      , 0.000000000000                      ) 
( -88945625.440032228827              , -49765207.513086192310              ) 
( -59737447.682723850012              , -32911083.591647997499              ) 
( 0.000000000000                      , 0.000000000000                      ) 
( 0.000000000000                      , 0.000000000000                      ) 
( 0.000000000000                      , 0.000000000000                      ) 
( 0.000000000000                      , 0.000000000000                      ) 
( 79684820.641389220953               , -34949988.934963420033              ) 
( 25124841.429605167359               , 85907262.945883184671               ) 
( 0.000000000000                      , 0.000000000000                      ) 
( 0.000000000000                      , 0.000000000000                      ) 
( 0.000000000000                      , 0.000000000000                      ) 
( 0.000000000000                      , 0.000000000000                      ) 
( -79684820.641389280558              , 34949988.934963360429               ) 
( -25124841.429605185986              , -85907262.945883154869              ) 
( 0.000000000000                      , 0.000000000000                      ) 
( 0.000000000000                      , 0.000000000000                      ) 
( 0.000000000000                      , 0.000000000000                      ) 
( -79684820.641389220953              , 34949988.934963449836               ) 
( -25124841.429605171084              , -85907262.945883184671              ) 
( 0.000000000000                      , 0.000000000000                      ) 
( 0.000000000000                      , 0.000000000000                      ) 
( 0.000000000000                      , 0.000000000000                      ) 
( 0.000000000000                      , 0.000000000000                      ) 
( 79684820.641389280558               , -34949988.934963375330              ) 
( 25124841.429605185986               , 85907262.945883154869               ) 
( 0.000000000000                      , 0.000000000000                      ) 
( 0.000000000000                      , 0.000000000000                      ) 
( -88945625.440032184124              , -49765207.513086088002              ) 
( -59737447.682723715901              , -32911083.591647863388              ) 
( 0.000000000000                      , 0.000000000000                      ) 
( 0.000000000000                      , 0.000000000000                      ) 
( 0.000000000000                      , 0.000000000000                      ) 
( 0.000000000000                      , 0.000000000000                      ) 
( 0.000000000000                      , 0.000000000000                      ) 
( 0.000000000000                      , 0.000000000000                      ) 
( 0.000000000000                      , 0.000000000000                      ) 
( 0.000000000000                      , 0.000000000000                      ) 
( 0.000000000000                      , 0.000000000000                      ) 
( 0.000000000000                      , 0.000000000000                      ) 
( 88945625.440032243729               , 49765207.513086192310               ) 
( 59737447.682723857462               , 32911083.591647997499               ) 
( 0.000000000000                      , 0.000000000000                      ) 
( 0.000000000000                      , 0.000000000000                      ) 
( 0.000000000000                      , 0.000000000000                      ) 
( 0.000000000000                      , 0.000000000000                      ) 
( 0.000000000000                      , 0.000000000000                      ) 
( 0.000000000000                      , 0.000000000000                      ) 
( 849856793.658492326736              , -118656330.386514857411             ) 
( -89796723.836643740535              , -367983663.242724418640             ) 
( 71665930.936917558312               , 30563192.304785080254               ) 
( 0.000000000000                      , 0.000000000000                      ) 
( 0.000000000000                      , 0.000000000000                      ) 
( 0.000000000000                      , 0.000000000000                      ) 
( 0.000000000000                      , 0.000000000000                      ) 
( 77180146.764692604542               , 360681450.187339067459              ) 
( -78344982.491399765015              , 22684958.336068220437               ) 
( 0.000000000000                      , 0.000000000000                      ) 
( 0.000000000000                      , 0.000000000000                      ) 
( 0.000000000000                      , 0.000000000000                      ) 
( 0.000000000000                      , 0.000000000000                      ) 
( 0.000000000000                      , 0.000000000000                      ) 
( 0.000000000000                      , 0.000000000000                      ) 
( 0.000000000000                      , 0.000000000000                      ) 
( 0.000000000000                      , 0.000000000000                      ) 
( 0.000000000000                      , 0.000000000000                      ) 
( 0.000000000000                      , 0.000000000000                      ) 
( 0.000000000000                      , 0.000000000000                      ) 
( 0.000000000000                      , 0.000000000000                      ) 
( 0.000000000000                      , 0.000000000000                      ) 
( -77180146.764692455530              , -360681450.187339067459             ) 
( 78344982.491399675608               , -22684958.336068283767              ) 
( 0.000000000000                      , 0.000000000000                      ) 
( 0.000000000000                      , 0.000000000000                      ) 
( 0.000000000000                      , 0.000000000000                      ) 
( 0.000000000000                      , 0.000000000000                      ) 
( -849856793.658492326736             , 118656330.386514723301              ) 
( 89796723.836643934250               , 367983663.242724418640              ) 
( -71665930.936917662621              , -30563192.304785285145              ) 
( 0.000000000000                      , 0.000000000000                      ) 
( 0.000000000000                      , 0.000000000000                      ) 
( 0.000000000000                      , 0.000000000000                      ) 
( 0.000000000000                      , 0.000000000000                      ) 
( 0.000000000000                      , 0.000000000000                      ) 
( 236728530.054530411959              , -35550868.635551333427              ) 
( -29229283.749914422631              , -108438344.510537534952             ) 
( 0.000000000000                      , 0.000000000000                      ) 
( 0.000000000000                      , 0.000000000000                      ) 
( 0.000000000000                      , 0.000000000000                      ) 
( 0.000000000000                      , 0.000000000000                      ) 
( -149593681.764055192471             , -736930422.431572079659             ) 
( 118921482.087493032217              , -116567005.756628587842             ) 
( 0.000000000000                      , 0.000000000000                      ) 
( 0.000000000000                      , 0.000000000000                      ) 
( 0.000000000000                      , 0.000000000000                      ) 
( 0.000000000000                      , 0.000000000000                      ) 
( 0.000000000000                      , 0.000000000000                      ) 
( 0.000000000000                      , 0.000000000000                      ) 
( 0.000000000000                      , 0.000000000000                      ) 
( 0.000000000000                      , 0.000000000000                      ) 
( 0.000000000000                      , 0.000000000000                      ) 
( 0.000000000000                      , 0.000000000000                      ) 
( 0.000000000000                      , 0.000000000000                      ) 
( 0.000000000000                      , 0.000000000000                      ) 
( 0.000000000000                      , 0.000000000000                      ) 
( 0.000000000000                      , 0.000000000000                      ) 
( 0.000000000000                      , 0.000000000000                      ) 
( 0.000000000000                      , 0.000000000000                      ) 
( 0.000000000000                      , 0.000000000000                      ) 
( 0.000000000000                      , 0.000000000000                      ) 
( 0.000000000000                      , 0.000000000000                      ) 
( 149593681.764055252075              , 736930422.431571841240              ) 
( -118921482.087492942810             , 116567005.756628751755              ) 
( 0.000000000000                      , 0.000000000000                      ) 
( 0.000000000000                      , 0.000000000000                      ) 
( 0.000000000000                      , 0.000000000000                      ) 
( 0.000000000000                      , 0.000000000000                      ) 
( -236728530.054530262947             , 35550868.635551482439               ) 
( 29229283.749914605170               , 108438344.510537534952              ) 
( 0.000000000000                      , 0.000000000000                      ) 
( 0.000000000000                      , 0.000000000000                      ) 
( 0.000000000000                      , 0.000000000000                      ) 
( 0.000000000000                      , 0.000000000000                      ) 
( 0.000000000000                      , 0.000000000000                      ) 
( 0.000000000000                      , 0.000000000000                      ) 
( 0.000000000000                      , 0.000000000000                      ) 
( 0.000000000000                      , 0.000000000000                      ) 
( 0.000000000000                      , 0.000000000000                      ) 
( 0.000000000000                      , 0.000000000000                      ) 
( 0.000000000000                      , 0.000000000000                      ) 
( 0.000000000000                      , 0.000000000000                      ) 
( 0.000000000000                      , 0.000000000000                      ) 
( 0.000000000000                      , 0.000000000000                      ) 
( 0.000000000000                      , 0.000000000000                      ) 
( 0.000000000000                      , 0.000000000000                      ) 
( 0.000000000000                      , 0.000000000000                      ) 
( 0.000000000000                      , 0.000000000000                      ) 
( 0.000000000000                      , 0.000000000000                      ) 
( 0.000000000000                      , 0.000000000000                      ) 
( 0.000000000000                      , 0.000000000000                      ) 
( 0.000000000000                      , 0.000000000000                      ) 
( 0.000000000000                      , 0.000000000000                      ) 
( 0.000000000000                      , 0.000000000000                      ) 
( 0.000000000000                      , 0.000000000000                      ) 
( 0.000000000000                      , 0.000000000000                      ) 
( 0.000000000000                      , 0.000000000000                      ) 
( 0.000000000000                      , 0.000000000000                      ) 
( 0.000000000000                      , 0.000000000000                      ) 
( 0.000000000000                      , 0.000000000000                      ) 
( 0.000000000000                      , 0.000000000000                      ) 
( 424136484.060206413269              , -6762229.750327764079               ) 
( 4582298.784253194928                , -162805275.654981702566             ) 
( 0.000000000000                      , 0.000000000000                      ) 
( 0.000000000000                      , 0.000000000000                      ) 
( 0.000000000000                      , 0.000000000000                      ) 
( -88726587.604438722134              , -362888648.912276685238             ) 
( 92347878.820734202862               , -60055916.849564164877              ) 
( 0.000000000000                      , 0.000000000000                      ) 
( 0.000000000000                      , 0.000000000000                      ) 
( 0.000000000000                      , 0.000000000000                      ) 
( 0.000000000000                      , 0.000000000000                      ) 
( 0.000000000000                      , 0.000000000000                      ) 
( 0.000000000000                      , 0.000000000000                      ) 
( 0.000000000000                      , 0.000000000000                      ) 
( 0.000000000000                      , 0.000000000000                      ) 
( 0.000000000000                      , 0.000000000000                      ) 
( 0.000000000000                      , 0.000000000000                      ) 
( 0.000000000000                      , 0.000000000000                      ) 
( 0.000000000000                      , 0.000000000000                      ) 
( 0.000000000000                      , 0.000000000000                      ) 
( 0.000000000000                      , 0.000000000000                      ) 
( 0.000000000000                      , 0.000000000000                      ) 
( 0.000000000000                      , 0.000000000000                      ) 
( 0.000000000000                      , 0.000000000000                      ) 
( 0.000000000000                      , 0.000000000000                      ) 
( 0.000000000000                      , 0.000000000000                      ) 
( -88726587.604438841343              , -362888648.912276744843             ) 
( 92347878.820734173059               , -60055916.849564187229              ) 
( 0.000000000000                      , 0.000000000000                      ) 
( 0.000000000000                      , 0.000000000000                      ) 
( 0.000000000000                      , 0.000000000000                      ) 
( 424136484.060206532478              , -6762229.750327856280               ) 
( 4582298.784253133461                , -162805275.654981702566             ) 
( 0.000000000000                      , 0.000000000000                      ) 
( 0.000000000000                      , 0.000000000000                      ) 
( 0.000000000000                      , 0.000000000000                      ) 
( 0.000000000000                      , 0.000000000000                      ) 
( 0.000000000000                      , 0.000000000000                      ) 
( 118064533.808244705200              , -18940274.120916340500              ) 
( 0.000000000000                      , 0.000000000000                      ) 
( 0.000000000000                      , 0.000000000000                      ) 
( 0.000000000000                      , 0.000000000000                      ) 
( -68246687.789526104927              , -365561307.287391841412             ) 
( 55717141.237193942070               , -36121178.110796421766              ) 
( 0.000000000000                      , 0.000000000000                      ) 
( 0.000000000000                      , 0.000000000000                      ) 
( 0.000000000000                      , 0.000000000000                      ) 
( 0.000000000000                      , 0.000000000000                      ) 
( 0.000000000000                      , 0.000000000000                      ) 
( 0.000000000000                      , 0.000000000000                      ) 
( 0.000000000000                      , 0.000000000000                      ) 
( 0.000000000000                      , 0.000000000000                      ) 
( 0.000000000000                      , 0.000000000000                      ) 
( 0.000000000000                      , 0.000000000000                      ) 
( 0.000000000000                      , 0.000000000000                      ) 
( 0.000000000000                      , 0.000000000000                      ) 
( 0.000000000000                      , 0.000000000000                      ) 
( 68246687.789526402950               , 365561307.287391901016              ) 
( -55717141.237193994224              , 36121178.110796451569               ) 
( 0.000000000000                      , 0.000000000000                      ) 
( 0.000000000000                      , 0.000000000000                      ) 
( -118064533.808244764805             , 18940274.120916411281               ) 
( 0.000000000000                      , 0.000000000000                      ) 
( -48428687.223963454366              , 68460921.117465674877               ) 
( 62575226.637053661048               , 20720299.691302478313               ) 
( 0.000000000000                      , 0.000000000000                      ) 
( 0.000000000000                      , 0.000000000000                      ) 
( 0.000000000000                      , 0.000000000000                      ) 
( -37260229.719926595688              , -165432190.898224115372             ) 
( 0.000000000000                      , 0.000000000000                      ) 
( 0.000000000000                      , 0.000000000000                      ) 
( -16140142.421174786985              , -76110845.659929856658              ) 
( 0.000000000000                      , 0.000000000000                      ) 
( 0.000000000000                      , 0.000000000000                      ) 
( 0.000000000000                      , 0.000000000000                      ) 
( 0.000000000000                      , 0.000000000000                      ) 
( 0.000000000000                      , 0.000000000000                      ) 
( -16140142.421174712479              , -76110845.659929871559              ) 
( 0.000000000000                      , 0.000000000000                      ) 
( 0.000000000000                      , 0.000000000000                      ) 
( 0.000000000000                      , 0.000000000000                      ) 
( -37260229.719926640391              , -165432190.898224204779             ) 
( 0.000000000000                      , 0.000000000000                      ) 
( 0.000000000000                      , 0.000000000000                      ) 
( 0.000000000000                      , 0.000000000000                      ) 
( -48428687.223963379860              , 68460921.117465674877               ) 
( 62575226.637053564191               , 20720299.691302504390               ) 
( 0.000000000000                      , 0.000000000000                      ) 
( 0.000000000000                      , 0.000000000000                      ) 
( -28276217.978648621589              , 59260766.801879763603               ) 
( 0.000000000000                      , 0.000000000000                      ) 
( 0.000000000000                      , 0.000000000000                      ) 
( 0.000000000000                      , 0.000000000000                      ) 
( 0.000000000000                      , 0.000000000000                      ) 
( 0.000000000000                      , 0.000000000000                      ) 
( 0.000000000000                      , 0.000000000000                      ) 
( 0.000000000000                      , 0.000000000000                      ) 
( 0.000000000000                      , 0.000000000000                      ) 
( 0.000000000000                      , 0.000000000000                      ) 
( 0.000000000000                      , 0.000000000000                      ) 
( 0.000000000000                      , 0.000000000000                      ) 
( 0.000000000000                      , 0.000000000000                      ) 
( 0.000000000000                      , 0.000000000000                      ) 
( 0.000000000000                      , 0.000000000000                      ) 
( 0.000000000000                      , 0.000000000000                      ) 
( 0.000000000000                      , 0.000000000000                      ) 
( 0.000000000000                      , 0.000000000000                      ) 
( 0.000000000000                      , 0.000000000000                      ) 
( 0.000000000000                      , 0.000000000000                      ) 
( 0.000000000000                      , 0.000000000000                      ) 
( 0.000000000000                      , 0.000000000000                      ) 
( 28276217.978648655117               , -59260766.801879703999              ) 
( 0.000000000000                      , 0.000000000000                      ) 
( 0.000000000000                      , 0.000000000000                      ) 
( 0.000000000000                      , 0.000000000000                      ) 
( 0.000000000000                      , 0.000000000000                      ) 
( 0.000000000000                      , 0.000000000000                      ) 
( 0.000000000000                      , 0.000000000000                      ) 
( 0.000000000000                      , 0.000000000000                      ) 
( 0.000000000000                      , 0.000000000000                      ) 
( 0.000000000000                      , 0.000000000000                      ) 
( 0.000000000000                      , 0.000000000000                      ) 
( 0.000000000000                      , 0.000000000000                      ) 
( 0.000000000000                      , 0.000000000000                      ) 
( 0.000000000000                      , 0.000000000000                      ) 
( 0.000000000000                      , 0.000000000000                      ) 
( 0.000000000000                      , 0.000000000000                      ) 
( 0.000000000000                      , 0.000000000000                      ) 
( 0.000000000000                      , 0.000000000000                      ) 
( 0.000000000000                      , 0.000000000000                      ) 
( 0.000000000000                      , 0.000000000000                      ) 
( 0.000000000000                      , 0.000000000000                      ) 
( 0.000000000000                      , 0.000000000000                      ) 
( 0.000000000000                      , 0.000000000000                      ) 
( 0.000000000000                      , 0.000000000000                      ) 
( 0.000000000000                      , 0.000000000000                      ) 
( 0.000000000000                      , 0.000000000000                      ) 
( 0.000000000000                      , 0.000000000000                      ) 
( 0.000000000000                      , 0.000000000000                      ) 
( 0.000000000000                      , 0.000000000000                      ) 
( 0.000000000000                      , 0.000000000000                      ) 
( 0.000000000000                      , 0.000000000000                      ) 
( 0.000000000000                      , 0.000000000000                      ) 
( 0.000000000000                      , 0.000000000000                      ) 
( 0.000000000000                      , 0.000000000000                      ) 
( 0.000000000000                      , 0.000000000000                      ) 
( 0.000000000000                      , 0.000000000000                      ) 
( 0.000000000000                      , 0.000000000000                      ) 
( 0.000000000000                      , 0.000000000000                      ) 
( 0.000000000000                      , 0.000000000000                      ) 
( 0.000000000000                      , 0.000000000000                      ) 
( 0.000000000000                      , 0.000000000000                      ) 
( 0.000000000000                      , 0.000000000000                      ) 
( 0.000000000000                      , 0.000000000000                      ) 
( 0.000000000000                      , 0.000000000000                      ) 
( 0.000000000000                      , 0.000000000000                      ) 
( 0.000000000000                      , 0.000000000000                      ) 
( 0.000000000000                      , 0.000000000000                      ) 
( 0.000000000000                      , 0.000000000000                      ) 
( 0.000000000000                      , 0.000000000000                      ) 
( 0.000000000000                      , 0.000000000000                      ) 
( 0.000000000000                      , 0.000000000000                      ) 
( 0.000000000000                      , 0.000000000000                      ) 
( 0.000000000000                      , 0.000000000000                      ) 
( 0.000000000000                      , 0.000000000000                      ) 
( 0.000000000000                      , 0.000000000000                      ) 
( 0.000000000000                      , 0.000000000000                      ) 
( 0.000000000000                      , 0.000000000000                      ) 
( 0.000000000000                      , 0.000000000000                      ) 
( 0.000000000000                      , 0.000000000000                      ) 
( 0.000000000000                      , 0.000000000000                      ) 
( 0.000000000000                      , 0.000000000000                      ) 
( 0.000000000000                      , 0.000000000000                      ) 
( 0.000000000000                      , 0.000000000000                      ) 
( 0.000000000000                      , 0.000000000000                      ) 
( 0.000000000000                      , 0.000000000000                      ) 
( 0.000000000000                      , 0.000000000000                      ) 
( 0.000000000000                      , 0.000000000000                      ) 
( 0.000000000000                      , 0.000000000000                      ) 
( 0.000000000000                      , 0.000000000000                      ) 
( 0.000000000000                      , 0.000000000000                      ) 
( 0.000000000000                      , 0.000000000000                      ) 
( 0.000000000000                      , 0.000000000000                      ) 
( 0.000000000000                      , 0.000000000000                      ) 
( 0.000000000000                      , 0.000000000000                      ) 
( 0.000000000000                      , 0.000000000000                      ) 
( 0.000000000000                      , 0.000000000000                      ) 
( 0.000000000000                      , 0.000000000000                      ) 
( 0.000000000000                      , 0.000000000000                      ) 
( 0.000000000000                      , 0.000000000000                      ) 
( 0.000000000000                      , 0.000000000000                      ) 
( 0.000000000000                      , 0.000000000000                      ) 
( 0.000000000000                      , 0.000000000000                      ) 
( 0.000000000000                      , 0.000000000000                      ) 
( 0.000000000000                      , 0.000000000000                      ) 
( 0.000000000000                      , 0.000000000000                      ) 
( 0.000000000000                      , 0.000000000000                      ) 
( 28276217.978648625314               , -59260766.801879763603              ) 
( 0.000000000000                      , 0.000000000000                      ) 
( 0.000000000000                      , 0.000000000000                      ) 
( 0.000000000000                      , 0.000000000000                      ) 
( 0.000000000000                      , 0.000000000000                      ) 
( 0.000000000000                      , 0.000000000000                      ) 
( 0.000000000000                      , 0.000000000000                      ) 
( 0.000000000000                      , 0.000000000000                      ) 
( 0.000000000000                      , 0.000000000000                      ) 
( 0.000000000000                      , 0.000000000000                      ) 
( 0.000000000000                      , 0.000000000000                      ) 
( 0.000000000000                      , 0.000000000000                      ) 
( 0.000000000000                      , 0.000000000000                      ) 
( 0.000000000000                      , 0.000000000000                      ) 
( 0.000000000000                      , 0.000000000000                      ) 
( 0.000000000000                      , 0.000000000000                      ) 
( 0.000000000000                      , 0.000000000000                      ) 
( 0.000000000000                      , 0.000000000000                      ) 
( 0.000000000000                      , 0.000000000000                      ) 
( 0.000000000000                      , 0.000000000000                      ) 
( 0.000000000000                      , 0.000000000000                      ) 
( 0.000000000000                      , 0.000000000000                      ) 
( -28276217.978648658842              , 59260766.801879703999               ) 
( 0.000000000000                      , 0.000000000000                      ) 
( 48428687.223963446915               , -68460921.117465674877              ) 
( -62575226.637053661048              , -20720299.691302482039              ) 
( 0.000000000000                      , 0.000000000000                      ) 
( 0.000000000000                      , 0.000000000000                      ) 
( 0.000000000000                      , 0.000000000000                      ) 
( 37260229.719926595688               , 165432190.898224115372              ) 
( 0.000000000000                      , 0.000000000000                      ) 
( 0.000000000000                      , 0.000000000000                      ) 
( 16140142.421174788848               , 76110845.659929871559               ) 
( 0.000000000000                      , 0.000000000000                      ) 
( 0.000000000000                      , 0.000000000000                      ) 
( 0.000000000000                      , 0.000000000000                      ) 
( 0.000000000000                      , 0.000000000000                      ) 
( 0.000000000000                      , 0.000000000000                      ) 
( 16140142.421174716204               , 76110845.659929871559               ) 
( 0.000000000000                      , 0.000000000000                      ) 
( 0.000000000000                      , 0.000000000000                      ) 
( 0.000000000000                      , 0.000000000000                      ) 
( 37260229.719926640391               , 165432190.898224204779              ) 
( 0.000000000000                      , 0.000000000000                      ) 
( 0.000000000000                      , 0.000000000000                      ) 
( 0.000000000000                      , 0.000000000000                      ) 
( 48428687.223963394761               , -68460921.117465674877              ) 
( -62575226.637053571641              , -20720299.691302500665              ) 
( 0.000000000000                      , 0.000000000000                      ) 
( 0.000000000000                      , 0.000000000000                      ) 
( 0.000000000000                      , 0.000000000000                      ) 
( 0.000000000000                      , 0.000000000000                      ) 
( -118064533.808244705200             , 18940274.120916336775               ) 
( 0.000000000000                      , 0.000000000000                      ) 
( 0.000000000000                      , 0.000000000000                      ) 
( 0.000000000000                      , 0.000000000000                      ) 
( 68246687.789526104927               , 365561307.287391841412              ) 
( -55717141.237193942070              , 36121178.110796421766               ) 
( 0.000000000000                      , 0.000000000000                      ) 
( 0.000000000000                      , 0.000000000000                      ) 
( 0.000000000000                      , 0.000000000000                      ) 
( 0.000000000000                      , 0.000000000000                      ) 
( 0.000000000000                      , 0.000000000000                      ) 
( 0.000000000000                      , 0.000000000000                      ) 
( 0.000000000000                      , 0.000000000000                      ) 
( 0.000000000000                      , 0.000000000000                      ) 
( 0.000000000000                      , 0.000000000000                      ) 
( 0.000000000000                      , 0.000000000000                      ) 
( 0.000000000000                      , 0.000000000000                      ) 
( 0.000000000000                      , 0.000000000000                      ) 
( 0.000000000000                      , 0.000000000000                      ) 
( 0.000000000000                      , 0.000000000000                      ) 
( -68246687.789526417851              , -365561307.287391901016             ) 
( 55717141.237194001675               , -36121178.110796459019              ) 
( 0.000000000000                      , 0.000000000000                      ) 
( 0.000000000000                      , 0.000000000000                      ) 
( 118064533.808244794607              , -18940274.120916426182              ) 
( 0.000000000000                      , 0.000000000000                      ) 
( 0.000000000000                      , 0.000000000000                      ) 
( 0.000000000000                      , 0.000000000000                      ) 
( -424136484.060206532478             , 6762229.750327756628                ) 
( -4582298.784253198653               , 162805275.654981702566              ) 
( 0.000000000000                      , 0.000000000000                      ) 
( 0.000000000000                      , 0.000000000000                      ) 
( 0.000000000000                      , 0.000000000000                      ) 
( 88726587.604438722134               , 362888648.912276625633              ) 
( -92347878.820734202862              , 60055916.849564172328               ) 
( 0.000000000000                      , 0.000000000000                      ) 
( 0.000000000000                      , 0.000000000000                      ) 
( 0.000000000000                      , 0.000000000000                      ) 
( 0.000000000000                      , 0.000000000000                      ) 
( 0.000000000000                      , 0.000000000000                      ) 
( 0.000000000000                      , 0.000000000000                      ) 
( 0.000000000000                      , 0.000000000000                      ) 
( 0.000000000000                      , 0.000000000000                      ) 
( 0.000000000000                      , 0.000000000000                      ) 
( 0.000000000000                      , 0.000000000000                      ) 
( 0.000000000000                      , 0.000000000000                      ) 
( 0.000000000000                      , 0.000000000000                      ) 
( 0.000000000000                      , 0.000000000000                      ) 
( 0.000000000000                      , 0.000000000000                      ) 
( 0.000000000000                      , 0.000000000000                      ) 
( 0.000000000000                      , 0.000000000000                      ) 
( 0.000000000000                      , 0.000000000000                      ) 
( 0.000000000000                      , 0.000000000000                      ) 
( 0.000000000000                      , 0.000000000000                      ) 
( 88726587.604438841343               , 362888648.912276744843              ) 
( -92347878.820734173059              , 60055916.849564179778               ) 
( 0.000000000000                      , 0.000000000000                      ) 
( 0.000000000000                      , 0.000000000000                      ) 
( 0.000000000000                      , 0.000000000000                      ) 
( -424136484.060206532478             , 6762229.750327844173                ) 
( -4582298.784253137186               , 162805275.654981702566              ) 
( 0.000000000000                      , 0.000000000000                      ) 
( 0.000000000000                      , 0.000000000000                      ) 
( 0.000000000000                      , 0.000000000000                      ) 
( 0.000000000000                      , 0.000000000000                      ) 
( 0.000000000000                      , 0.000000000000                      ) 
( 0.000000000000                      , 0.000000000000                      ) 
( 0.000000000000                      , 0.000000000000                      ) 
( 0.000000000000                      , 0.000000000000                      ) 
( 0.000000000000                      , 0.000000000000                      ) 
( 0.000000000000                      , 0.000000000000                      ) 
( 0.000000000000                      , 0.000000000000                      ) 
( 0.000000000000                      , 0.000000000000                      ) 
( -60040519.764171183109              , 27180840.170947231352               ) 
( 0.000000000000                      , 0.000000000000                      ) 
( 0.000000000000                      , 0.000000000000                      ) 
( 0.000000000000                      , 0.000000000000                      ) 
( -60040519.764171272516              , 27180840.170947328210               ) 
( 0.000000000000                      , 0.000000000000                      ) 
( 0.000000000000                      , 0.000000000000                      ) 
( 0.000000000000                      , 0.000000000000                      ) 
( 0.000000000000                      , 0.000000000000                      ) 
( 0.000000000000                      , 0.000000000000                      ) 
( 0.000000000000                      , 0.000000000000                      ) 
( 69543096.745102405548               , -23740391.330385327339              ) 
( 69543096.745102256536               , -23740391.330385372043              ) 
( 0.000000000000                      , 0.000000000000                      ) 
( 67132070.109637647867               , -20664158.160418905318              ) 
( -67132070.109637737274              , 20664158.160418957472               ) 
( -62161389.757615983486              , 22009620.775965385139               ) 
( -62161389.757616028190              , 22009620.775965534151               ) 
( 62161389.757615983486               , -22009620.775965385139              ) 
( 62161389.757616028190               , -22009620.775965534151              ) 
( -67132070.109637647867              , 20664158.160418912768               ) 
( 67132070.109637737274               , -20664158.160418961197              ) 
( -69543096.745102405548              , 23740391.330385323614               ) 
( -69543096.745102271438              , 23740391.330385372043               ) 
( 0.000000000000                      , 0.000000000000                      ) 
( 0.000000000000                      , 0.000000000000                      ) 
( 0.000000000000                      , 0.000000000000                      ) 
( 0.000000000000                      , 0.000000000000                      ) 
( 0.000000000000                      , 0.000000000000                      ) 
( 0.000000000000                      , 0.000000000000                      ) 
( 60040519.764171183109               , -27180840.170947235078              ) 
( 0.000000000000                      , 0.000000000000                      ) 
( 0.000000000000                      , 0.000000000000                      ) 
( 0.000000000000                      , 0.000000000000                      ) 
( 60040519.764171272516               , -27180840.170947328210              ) 
( 0.000000000000                      , 0.000000000000                      ) 
( 0.000000000000                      , 0.000000000000                      ) 
( 0.000000000000                      , 0.000000000000                      ) 
( 0.000000000000                      , 0.000000000000                      ) 
( 0.000000000000                      , 0.000000000000                      ) 
( 0.000000000000                      , 0.000000000000                      ) 
( 0.000000000000                      , 0.000000000000                      ) 
( 0.000000000000                      , 0.000000000000                      ) 
( 0.000000000000                      , 0.000000000000                      ) 
( 0.000000000000                      , 0.000000000000                      ) 
( 0.000000000000                      , 0.000000000000                      ) 
( 60040519.764171183109               , -27180840.170947238803              ) 
( 0.000000000000                      , 0.000000000000                      ) 
( 0.000000000000                      , 0.000000000000                      ) 
( 0.000000000000                      , 0.000000000000                      ) 
( 60040519.764171272516               , -27180840.170947335660              ) 
( 0.000000000000                      , 0.000000000000                      ) 
( 0.000000000000                      , 0.000000000000                      ) 
( 0.000000000000                      , 0.000000000000                      ) 
( 0.000000000000                      , 0.000000000000                      ) 
( 0.000000000000                      , 0.000000000000                      ) 
( 0.000000000000                      , 0.000000000000                      ) 
( -69543096.745102405548              , 23740391.330385331064               ) 
( -69543096.745102256536              , 23740391.330385372043               ) 
( 0.000000000000                      , 0.000000000000                      ) 
( 67132070.109637647867               , -20664158.160418905318              ) 
( -67132070.109637737274              , 20664158.160418961197               ) 
( 62161389.757615983486               , -22009620.775965385139              ) 
( 62161389.757616028190               , -22009620.775965534151              ) 
( -62161389.757615983486              , 22009620.775965385139               ) 
( -62161389.757616028190              , 22009620.775965537876               ) 
( -67132070.109637647867              , 20664158.160418909043               ) 
( 67132070.109637737274               , -20664158.160418964922              ) 
( 69543096.745102405548               , -23740391.330385331064              ) 
( 69543096.745102256536               , -23740391.330385368317              ) 
( 0.000000000000                      , 0.000000000000                      ) 
( 0.000000000000                      , 0.000000000000                      ) 
( 0.000000000000                      , 0.000000000000                      ) 
( 0.000000000000                      , 0.000000000000                      ) 
( 0.000000000000                      , 0.000000000000                      ) 
( 0.000000000000                      , 0.000000000000                      ) 
( -60040519.764171190560              , 27180840.170947238803               ) 
( 0.000000000000                      , 0.000000000000                      ) 
( 0.000000000000                      , 0.000000000000                      ) 
( 0.000000000000                      , 0.000000000000                      ) 
( -60040519.764171279967              , 27180840.170947339386               ) 
( 0.000000000000                      , 0.000000000000                      ) 
( 0.000000000000                      , 0.000000000000                      ) 
( 0.000000000000                      , 0.000000000000                      ) 
( 0.000000000000                      , 0.000000000000                      ) 
( 0.000000000000                      , 0.000000000000                      ) 
( 0.000000000000                      , 0.000000000000                      ) 
( 0.000000000000                      , 0.000000000000                      ) 
( 0.000000000000                      , 0.000000000000                      ) 
( 0.000000000000                      , 0.000000000000                      ) 
( 0.000000000000                      , 0.000000000000                      ) 
( 0.000000000000                      , 0.000000000000                      ) 
( 0.000000000000                      , 0.000000000000                      ) 
( 0.000000000000                      , 0.000000000000                      ) 
( 0.000000000000                      , 0.000000000000                      ) 
( 0.000000000000                      , 0.000000000000                      ) 
( 0.000000000000                      , 0.000000000000                      ) 
( 0.000000000000                      , 0.000000000000                      ) 
( 0.000000000000                      , 0.000000000000                      ) 
( 0.000000000000                      , 0.000000000000                      ) 
( 0.000000000000                      , 0.000000000000                      ) 
( 0.000000000000                      , 0.000000000000                      ) 
( 0.000000000000                      , 0.000000000000                      ) 
( 0.000000000000                      , 0.000000000000                      ) 
( 0.000000000000                      , 0.000000000000                      ) 
( 0.000000000000                      , 0.000000000000                      ) 
( 0.000000000000                      , 0.000000000000                      ) 
( 0.000000000000                      , 0.000000000000                      ) 
( 0.000000000000                      , 0.000000000000                      ) 
( 0.000000000000                      , 0.000000000000                      ) 
( 0.000000000000                      , 0.000000000000                      ) 
( -424136484.060206472874             , 6762229.750327778049                ) 
( -4582298.784253191203               , 162805275.654981672764              ) 
( 0.000000000000                      , 0.000000000000                      ) 
( 0.000000000000                      , 0.000000000000                      ) 
( 0.000000000000                      , 0.000000000000                      ) 
( 88726587.604438722134               , 362888648.912276625633              ) 
( -92347878.820734202862              , 60055916.849564179778               ) 
( 0.000000000000                      , 0.000000000000                      ) 
( 0.000000000000                      , 0.000000000000                      ) 
( 0.000000000000                      , 0.000000000000                      ) 
( 0.000000000000                      , 0.000000000000                      ) 
( 0.000000000000                      , 0.000000000000                      ) 
( 0.000000000000                      , 0.000000000000                      ) 
( 0.000000000000                      , 0.000000000000                      ) 
( 0.000000000000                      , 0.000000000000                      ) 
( 0.000000000000                      , 0.000000000000                      ) 
( 0.000000000000                      , 0.000000000000                      ) 
( 0.000000000000                      , 0.000000000000                      ) 
( 0.000000000000                      , 0.000000000000                      ) 
( 0.000000000000                      , 0.000000000000                      ) 
( 0.000000000000                      , 0.000000000000                      ) 
( 0.000000000000                      , 0.000000000000                      ) 
( 0.000000000000                      , 0.000000000000                      ) 
( 0.000000000000                      , 0.000000000000                      ) 
( 0.000000000000                      , 0.000000000000                      ) 
( 0.000000000000                      , 0.000000000000                      ) 
( 88726587.604438841343               , 362888648.912276744843              ) 
( -92347878.820734158158              , 60055916.849564179778               ) 
( 0.000000000000                      , 0.000000000000                      ) 
( 0.000000000000                      , 0.000000000000                      ) 
( 0.000000000000                      , 0.000000000000                      ) 
( -424136484.060206532478             , 6762229.750327872112                ) 
( -4582298.784253118560               , 162805275.654981702566              ) 
( 0.000000000000                      , 0.000000000000                      ) 
( 0.000000000000                      , 0.000000000000                      ) 
( 0.000000000000                      , 0.000000000000                      ) 
( 0.000000000000                      , 0.000000000000                      ) 
( 0.000000000000                      , 0.000000000000                      ) 
( 118064533.808244675398              , -18940274.120916336775              ) 
( 0.000000000000                      , 0.000000000000                      ) 
( 0.000000000000                      , 0.000000000000                      ) 
( 0.000000000000                      , 0.000000000000                      ) 
( -68246687.789526104927              , -365561307.287391841412             ) 
( 55717141.237193927169               , -36121178.110796414316              ) 
( 0.000000000000                      , 0.000000000000                      ) 
( 0.000000000000                      , 0.000000000000                      ) 
( 0.000000000000                      , 0.000000000000                      ) 
( 0.000000000000                      , 0.000000000000                      ) 
( 0.000000000000                      , 0.000000000000                      ) 
( 0.000000000000                      , 0.000000000000                      ) 
( 0.000000000000                      , 0.000000000000                      ) 
( 0.000000000000                      , 0.000000000000                      ) 
( 0.000000000000                      , 0.000000000000                      ) 
( 0.000000000000                      , 0.000000000000                      ) 
( 0.000000000000                      , 0.000000000000                      ) 
( 0.000000000000                      , 0.000000000000                      ) 
( 0.000000000000                      , 0.000000000000                      ) 
( 68246687.789526417851               , 365561307.287391901016              ) 
( -55717141.237193986773              , 36121178.110796451569               ) 
( 0.000000000000                      , 0.000000000000                      ) 
( 0.000000000000                      , 0.000000000000                      ) 
( -118064533.808244794607             , 18940274.120916422457               ) 
( 0.000000000000                      , 0.000000000000                      ) 
( 48428687.223963454366               , -68460921.117465674877              ) 
( -62575226.637053661048              , -20720299.691302478313              ) 
( 0.000000000000                      , 0.000000000000                      ) 
( 0.000000000000                      , 0.000000000000                      ) 
( 0.000000000000                      , 0.000000000000                      ) 
( 37260229.719926595688               , 165432190.898224115372              ) 
( 0.000000000000                      , 0.000000000000                      ) 
( 0.000000000000                      , 0.000000000000                      ) 
( 16140142.421174790710               , 76110845.659929856658               ) 
( 0.000000000000                      , 0.000000000000                      ) 
( 0.000000000000                      , 0.000000000000                      ) 
( 0.000000000000                      , 0.000000000000                      ) 
( 0.000000000000                      , 0.000000000000                      ) 
( 0.000000000000                      , 0.000000000000                      ) 
( 16140142.421174719930               , 76110845.659929871559               ) 
( 0.000000000000                      , 0.000000000000                      ) 
( 0.000000000000                      , 0.000000000000                      ) 
( 0.000000000000                      , 0.000000000000                      ) 
( 37260229.719926640391               , 165432190.898224204779              ) 
( 0.000000000000                      , 0.000000000000                      ) 
( 0.000000000000                      , 0.000000000000                      ) 
( 0.000000000000                      , 0.000000000000                      ) 
( 48428687.223963379860               , -68460921.117465659976              ) 
( -62575226.637053571641              , -20720299.691302504390              ) 
( 0.000000000000                      , 0.000000000000                      ) 
( 0.000000000000                      , 0.000000000000                      ) 
( -28276217.978648625314              , 59260766.801879763603               ) 
( 0.000000000000                      , 0.000000000000                      ) 
( 0.000000000000                      , 0.000000000000                      ) 
( 0.000000000000                      , 0.000000000000                      ) 
( 0.000000000000                      , 0.000000000000                      ) 
( 0.000000000000                      , 0.000000000000                      ) 
( 0.000000000000                      , 0.000000000000                      ) 
( 0.000000000000                      , 0.000000000000                      ) 
( 0.000000000000                      , 0.000000000000                      ) 
( 0.000000000000                      , 0.000000000000                      ) 
( 0.000000000000                      , 0.000000000000                      ) 
( 0.000000000000                      , 0.000000000000                      ) 
( 0.000000000000                      , 0.000000000000                      ) 
( 0.000000000000                      , 0.000000000000                      ) 
( 0.000000000000                      , 0.000000000000                      ) 
( 0.000000000000                      , 0.000000000000                      ) 
( 0.000000000000                      , 0.000000000000                      ) 
( 0.000000000000                      , 0.000000000000                      ) 
( 0.000000000000                      , 0.000000000000                      ) 
( 0.000000000000                      , 0.000000000000                      ) 
( 0.000000000000                      , 0.000000000000                      ) 
( 0.000000000000                      , 0.000000000000                      ) 
( 28276217.978648655117               , -59260766.801879703999              ) 
( 0.000000000000                      , 0.000000000000                      ) 
( 0.000000000000                      , 0.000000000000                      ) 
( 0.000000000000                      , 0.000000000000                      ) 
( 0.000000000000                      , 0.000000000000                      ) 
( 0.000000000000                      , 0.000000000000                      ) 
( 0.000000000000                      , 0.000000000000                      ) 
( 0.000000000000                      , 0.000000000000                      ) 
( 0.000000000000                      , 0.000000000000                      ) 
( 0.000000000000                      , 0.000000000000                      ) 
( 0.000000000000                      , 0.000000000000                      ) 
( 0.000000000000                      , 0.000000000000                      ) 
( 0.000000000000                      , 0.000000000000                      ) 
( 0.000000000000                      , 0.000000000000                      ) 
( 0.000000000000                      , 0.000000000000                      ) 
( 0.000000000000                      , 0.000000000000                      ) 
( 0.000000000000                      , 0.000000000000                      ) 
( 0.000000000000                      , 0.000000000000                      ) 
( 0.000000000000                      , 0.000000000000                      ) 
( 0.000000000000                      , 0.000000000000                      ) 
( 0.000000000000                      , 0.000000000000                      ) 
( 0.000000000000                      , 0.000000000000                      ) 
( 0.000000000000                      , 0.000000000000                      ) 
( 0.000000000000                      , 0.000000000000                      ) 
( 0.000000000000                      , 0.000000000000                      ) 
( 0.000000000000                      , 0.000000000000                      ) 
( 0.000000000000                      , 0.000000000000                      ) 
( 0.000000000000                      , 0.000000000000                      ) 
( 0.000000000000                      , 0.000000000000                      ) 
( 0.000000000000                      , 0.000000000000                      ) 
( 0.000000000000                      , 0.000000000000                      ) 
( 0.000000000000                      , 0.000000000000                      ) 
( 0.000000000000                      , 0.000000000000                      ) 
( 0.000000000000                      , 0.000000000000                      ) 
( 0.000000000000                      , 0.000000000000                      ) 
( 0.000000000000                      , 0.000000000000                      ) 
( 0.000000000000                      , 0.000000000000                      ) 
( 0.000000000000                      , 0.000000000000                      ) 
( 0.000000000000                      , 0.000000000000                      ) 
( 0.000000000000                      , 0.000000000000                      ) 
( 0.000000000000                      , 0.000000000000                      ) 
( 0.000000000000                      , 0.000000000000                      ) 
( 0.000000000000                      , 0.000000000000                      ) 
( 0.000000000000                      , 0.000000000000                      ) 
( 0.000000000000                      , 0.000000000000                      ) 
( 0.000000000000                      , 0.000000000000                      ) 
( 0.000000000000                      , 0.000000000000                      ) 
( 0.000000000000                      , 0.000000000000                      ) 
( 0.000000000000                      , 0.000000000000                      ) 
( 0.000000000000                      , 0.000000000000                      ) 
( 0.000000000000                      , 0.000000000000                      ) 
( 0.000000000000                      , 0.000000000000                      ) 
( 0.000000000000                      , 0.000000000000                      ) 
( 0.000000000000                      , 0.000000000000                      ) 
( 0.000000000000                      , 0.000000000000                      ) 
( 0.000000000000                      , 0.000000000000                      ) 
( 0.000000000000                      , 0.000000000000                      ) 
( 0.000000000000                      , 0.000000000000                      ) 
( 0.000000000000                      , 0.000000000000                      ) 
( 0.000000000000                      , 0.000000000000                      ) 
( 0.000000000000                      , 0.000000000000                      ) 
( 0.000000000000                      , 0.000000000000                      ) 
( 0.000000000000                      , 0.000000000000                      ) 
( 0.000000000000                      , 0.000000000000                      ) 
( 0.000000000000                      , 0.000000000000                      ) 
( 0.000000000000                      , 0.000000000000                      ) 
( 0.000000000000                      , 0.000000000000                      ) 
( 0.000000000000                      , 0.000000000000                      ) 
( 0.000000000000                      , 0.000000000000                      ) 
( 0.000000000000                      , 0.000000000000                      ) 
( 0.000000000000                      , 0.000000000000                      ) 
( 0.000000000000                      , 0.000000000000                      ) 
( 0.000000000000                      , 0.000000000000                      ) 
( 0.000000000000                      , 0.000000000000                      ) 
( 0.000000000000                      , 0.000000000000                      ) 
( 0.000000000000                      , 0.000000000000                      ) 
( 0.000000000000                      , 0.000000000000                      ) 
( 0.000000000000                      , 0.000000000000                      ) 
( 0.000000000000                      , 0.000000000000                      ) 
( 0.000000000000                      , 0.000000000000                      ) 
( 0.000000000000                      , 0.000000000000                      ) 
( 0.000000000000                      , 0.000000000000                      ) 
( 0.000000000000                      , 0.000000000000                      ) 
( 0.000000000000                      , 0.000000000000                      ) 
( 0.000000000000                      , 0.000000000000                      ) 
( 0.000000000000                      , 0.000000000000                      ) 
( 0.000000000000                      , 0.000000000000                      ) 
( 28276217.978648629040               , -59260766.801879771054              ) 
( 0.000000000000                      , 0.000000000000                      ) 
( 0.000000000000                      , 0.000000000000                      ) 
( 0.000000000000                      , 0.000000000000                      ) 
( 0.000000000000                      , 0.000000000000                      ) 
( 0.000000000000                      , 0.000000000000                      ) 
( 0.000000000000                      , 0.000000000000                      ) 
( 0.000000000000                      , 0.000000000000                      ) 
( 0.000000000000                      , 0.000000000000                      ) 
( 0.000000000000                      , 0.000000000000                      ) 
( 0.000000000000                      , 0.000000000000                      ) 
( 0.000000000000                      , 0.000000000000                      ) 
( 0.000000000000                      , 0.000000000000                      ) 
( 0.000000000000                      , 0.000000000000                      ) 
( 0.000000000000                      , 0.000000000000                      ) 
( 0.000000000000                      , 0.000000000000                      ) 
( 0.000000000000                      , 0.000000000000                      ) 
( 0.000000000000                      , 0.000000000000                      ) 
( 0.000000000000                      , 0.000000000000                      ) 
( 0.000000000000                      , 0.000000000000                      ) 
( 0.000000000000                      , 0.000000000000                      ) 
( 0.000000000000                      , 0.000000000000                      ) 
( -28276217.978648647666              , 59260766.801879703999               ) 
( 0.000000000000                      , 0.000000000000                      ) 
( -48428687.223963446915              , 68460921.117465674877               ) 
( 62575226.637053661048               , 20720299.691302478313               ) 
( 0.000000000000                      , 0.000000000000                      ) 
( 0.000000000000                      , 0.000000000000                      ) 
( 0.000000000000                      , 0.000000000000                      ) 
( -37260229.719926603138              , -165432190.898224115372             ) 
( 0.000000000000                      , 0.000000000000                      ) 
( 0.000000000000                      , 0.000000000000                      ) 
( -16140142.421174790710              , -76110845.659929871559              ) 
( 0.000000000000                      , 0.000000000000                      ) 
( 0.000000000000                      , 0.000000000000                      ) 
( 0.000000000000                      , 0.000000000000                      ) 
( 0.000000000000                      , 0.000000000000                      ) 
( 0.000000000000                      , 0.000000000000                      ) 
( -16140142.421174718067              , -76110845.659929871559              ) 
( 0.000000000000                      , 0.000000000000                      ) 
( 0.000000000000                      , 0.000000000000                      ) 
( 0.000000000000                      , 0.000000000000                      ) 
( -37260229.719926640391              , -165432190.898224204779             ) 
( 0.000000000000                      , 0.000000000000                      ) 
( 0.000000000000                      , 0.000000000000                      ) 
( 0.000000000000                      , 0.000000000000                      ) 
( -48428687.223963379860              , 68460921.117465659976               ) 
( 62575226.637053579092               , 20720299.691302500665               ) 
( 0.000000000000                      , 0.000000000000                      ) 
( 0.000000000000                      , 0.000000000000                      ) 
( 0.000000000000                      , 0.000000000000                      ) 
( 0.000000000000                      , 0.000000000000                      ) 
( -118064533.808244705200             , 18940274.120916344225               ) 
( 0.000000000000                      , 0.000000000000                      ) 
( 0.000000000000                      , 0.000000000000                      ) 
( 0.000000000000                      , 0.000000000000                      ) 
( 68246687.789526104927               , 365561307.287391841412              ) 
( -55717141.237193942070              , 36121178.110796414316               ) 
( 0.000000000000                      , 0.000000000000                      ) 
( 0.000000000000                      , 0.000000000000                      ) 
( 0.000000000000                      , 0.000000000000                      ) 
( 0.000000000000                      , 0.000000000000                      ) 
( 0.000000000000                      , 0.000000000000                      ) 
( 0.000000000000                      , 0.000000000000                      ) 
( 0.000000000000                      , 0.000000000000                      ) 
( 0.000000000000                      , 0.000000000000                      ) 
( 0.000000000000                      , 0.000000000000                      ) 
( 0.000000000000                      , 0.000000000000                      ) 
( 0.000000000000                      , 0.000000000000                      ) 
( 0.000000000000                      , 0.000000000000                      ) 
( 0.000000000000                      , 0.000000000000                      ) 
( 0.000000000000                      , 0.000000000000                      ) 
( 0.000000000000                      , 0.000000000000                      ) 
( -68246687.789526417851              , -365561307.287391901016             ) 
( 55717141.237194001675               , -36121178.110796451569              ) 
( 0.000000000000                      , 0.000000000000                      ) 
( 0.000000000000                      , 0.000000000000                      ) 
( 118064533.808244794607              , -18940274.120916418731              ) 
( 0.000000000000                      , 0.000000000000                      ) 
( 0.000000000000                      , 0.000000000000                      ) 
( 0.000000000000                      , 0.000000000000                      ) 
( 424136484.060206532478              , -6762229.750327775255               ) 
( 4582298.784253189340                , -162805275.654981702566             ) 
( 0.000000000000                      , 0.000000000000                      ) 
( 0.000000000000                      , 0.000000000000                      ) 
( 0.000000000000                      , 0.000000000000                      ) 
( -88726587.604438722134              , -362888648.912276685238             ) 
( 92347878.820734202862               , -60055916.849564164877              ) 
( 0.000000000000                      , 0.000000000000                      ) 
( 0.000000000000                      , 0.000000000000                      ) 
( 0.000000000000                      , 0.000000000000                      ) 
( 0.000000000000                      , 0.000000000000                      ) 
( 0.000000000000                      , 0.000000000000                      ) 
( 0.000000000000                      , 0.000000000000                      ) 
( 0.000000000000                      , 0.000000000000                      ) 
( 0.000000000000                      , 0.000000000000                      ) 
( 0.000000000000                      , 0.000000000000                      ) 
( 0.000000000000                      , 0.000000000000                      ) 
( 0.000000000000                      , 0.000000000000                      ) 
( 0.000000000000                      , 0.000000000000                      ) 
( 0.000000000000                      , 0.000000000000                      ) 
( 0.000000000000                      , 0.000000000000                      ) 
( 0.000000000000                      , 0.000000000000                      ) 
( 0.000000000000                      , 0.000000000000                      ) 
( 0.000000000000                      , 0.000000000000                      ) 
( 0.000000000000                      , 0.000000000000                      ) 
( 0.000000000000                      , 0.000000000000                      ) 
( -88726587.604438841343              , -362888648.912276744843             ) 
( 92347878.820734173059               , -60055916.849564187229              ) 
( 0.000000000000                      , 0.000000000000                      ) 
( 0.000000000000                      , 0.000000000000                      ) 
( 0.000000000000                      , 0.000000000000                      ) 
( 424136484.060206532478              , -6762229.750327862799               ) 
( 4582298.784253126942                , -162805275.654981702566             ) 
