    1000.000000000000     
      268.78063      169.95747      264.58242        0.00098
      293.09617      153.16936      148.63666        0.00098
      283.02197      152.14569      324.64644        0.00098
      294.26072      148.42409      157.30281        0.00098
      312.25762      106.60248       22.08339        0.00098
      297.93810       91.24265      222.92880        0.00098
      301.77820       55.28176       80.02082        0.00098
      267.35542       26.64905      316.31494        0.00098
       91.48035       30.61362      325.48744        0.00098
      133.33004      106.27427      201.95447        0.00098
      278.03343      153.41813      230.39357        0.00098
      299.51643       96.17006      123.46072        0.00098
      119.47323       98.30339      117.37498        0.00098
      119.18684       95.66971      304.89650        0.00098
      117.18218       85.11684      144.55500        0.00098
      138.36131      115.11447       15.04059        0.00098
      113.46964      130.41801      186.96918        0.00098
      108.10244      152.50523       57.12280        0.00098
      270.86238      153.02544       46.25706        0.00098
      312.00870      110.19434      289.57079        0.00098
      300.70662       83.47435      146.16444        0.00098
      269.03894       26.99956       44.68610        0.00098
       88.90447       37.25564       70.68522        0.00098
       90.09893      142.41205      285.36350        0.00098
      288.74381       29.57900      298.92941        0.00098
      285.88987       28.18622      123.33222        0.00098
      291.86909       26.87178      302.43477        0.00098
      254.05834       10.74462      204.00048        0.00098
       86.50651       26.59483      226.88011        0.00098
      108.78001       28.27115       31.74265        0.00098
      132.91167       72.15740      248.92485        0.00098
      124.36419       99.72875      117.92792        0.00098
      108.87923      151.18899      328.97243        0.00098
      249.43089      170.98524      331.67898        0.00098
      297.83217      126.49941      242.05188        0.00098
      288.39571       29.05304      120.85216        0.00098
      267.20047      167.93355      262.12953        0.00098
      292.03777      152.90609      148.39017        0.00098
      281.70904      152.39004      323.61320        0.00098
      286.91619      150.66836      150.08419        0.00098
      305.24228      119.93980       13.18796        0.00098
      300.70864       96.62320      214.07610        0.00098
      306.41499       78.86903       63.58110        0.00098
      311.60847       43.17606      272.94083        0.00098
      290.90806       27.34826      121.80297        0.00098
       89.74991       27.05280      224.18530        0.00098
      121.38621       82.97443       57.09817        0.00098
       94.58362      151.66315      306.87939        0.00098
      134.49843       49.65238       86.33431        0.00098
      115.31197       31.04723      295.47810        0.00098
      126.70335       78.93124      152.23121        0.00098
      131.81680       74.89803      337.16374        0.00098
      117.52676       96.73400      209.84877        0.00098
      117.95321       94.56616       37.72268        0.00098
      134.21940      131.64571      272.40481        0.00098
       95.36795      148.12550       92.69545        0.00098
      282.40586      154.71513      142.12672        0.00098
      291.51890      143.06015      352.20374        0.00098
      297.19146       85.34818      233.71288        0.00098
      291.59235       29.81034      118.17554        0.00098
      303.43639       99.92687      296.68763        0.00098
      298.97043       95.55346      125.05698        0.00098
      300.08214       83.64940      326.48316        0.00098
      310.75441       75.59667      156.73225        0.00098
      314.41670       69.51604      343.23193        0.00098
      288.39695       29.41223      212.45247        0.00098
      280.86731       35.65987       91.16501        0.00098
      269.37652       26.79744      314.90739        0.00098
      111.98878       27.10012      301.48407        0.00098
      116.49485       32.70928      199.77980        0.00098
      121.11884       83.14590       56.86338        0.00098
      120.77205      115.91640      286.71474        0.00098
      132.48128      105.74654      112.63348        0.00098
      125.61157      100.36455      298.68635        0.00098
      126.07388      141.97682      167.83972        0.00098
      130.14576      135.89463      358.46551        0.00098
      108.49013      134.71044      184.86584        0.00098
      109.29370      151.78598       58.34874        0.00098
       92.95316      152.83594      227.82057        0.00098
      300.19869      177.29479      299.51883        0.00098
      284.78646      152.17070      145.65440        0.00098
      298.89458      135.12180        1.08470        0.00098
      296.29513       85.95543      232.45095        0.00098
      310.34553       46.03362       92.40922        0.00098
      304.65083       36.72262      281.74560        0.00098
      288.56242       28.84056      121.16260        0.00098
      284.24877       27.29574      308.51643        0.00098
      288.03322       35.30287      189.19173        0.00098
      278.61055       27.71238       37.91197        0.00098
      286.26196       27.45850      213.90205        0.00098
      284.63363        5.45175       77.06333        0.00098
       88.86595       26.76007      135.26739        0.00098
      109.05730       27.75370      302.67117        0.00098
      127.38691       41.12908      184.95071        0.00098
      122.58057       82.16745       58.18564        0.00098
      123.74896       98.69656      300.37571        0.00098
       90.03548      154.13957       68.55454        0.00098
      111.24575      152.73924      328.14889        0.00098
      100.33059      152.62786      142.53851        0.00098
       85.18090      153.29112      312.60716        0.00098
      103.13399      166.92468      194.09433        0.00098
      110.46917      153.50674       57.43550        0.00098
      259.33760      154.11219       38.84108        0.00098
      283.01846      165.80347      284.82455        0.00098
      286.70707      151.73766      147.20152        0.00098
      293.74440      140.83257      355.13880        0.00098
      294.87524       91.18709      226.15480        0.00098
      300.01518       96.42967      123.14155        0.00098
      258.90196       25.98760      321.36153        0.00098
      278.99607       26.49865      129.06261        0.00098
      312.21054       12.07799      308.37418        0.00098
       71.10603        1.74437       22.77200        0.00098
       76.95904       24.37649      231.67150        0.00098
      107.26671       26.56940       34.15736        0.00098
       96.03510       11.89836      266.05257        0.00098
       96.04264       27.40391      129.92690        0.00098
      106.87610       27.80796      304.61279        0.00098
      108.60435       29.85391      207.98549        0.00098
      100.47689       50.05238       75.80776        0.00098
      112.72620       93.46293      304.47072        0.00098
      268.73652      169.90485      264.51892        0.00098
      297.91612      155.18135      148.42882        0.00098
      277.03473      153.11027      319.99998        0.00098
      261.78762      153.55125      130.46300        0.00098
      287.49933      170.18296       17.65791        0.00098
      288.15823      152.60606      237.06540        0.00098
      270.32519      153.06970       45.86781        0.00098
      273.42006      154.02712      276.19608        0.00098
      286.98539      151.67124      147.42700        0.00098
      287.75220      146.28213      346.85784        0.00098
      289.94094      150.74190      240.06746        0.00098
      305.41854      111.36596      109.43465        0.00098
       91.20128       27.05825      133.39901        0.00098
      102.17627       27.43284      306.28840        0.00098
      112.36509       26.76180      122.31545        0.00098
       87.73955       26.35782       37.51594        0.00098
       93.23398       27.13531      222.06100        0.00098
      106.63826       27.57506       33.57994        0.00098
       90.38614       24.60674      279.35544        0.00098
       96.59046       27.46430      129.50335        0.00098
      108.62460       27.77998      303.03478        0.00098
       92.93301       27.30629      221.72408        0.00098
      107.89771       27.55913       34.11107        0.00098
      105.85740       28.50474      302.92887        0.00098
       93.59274      153.45453      228.39420        0.00098
       84.28165      162.99609       65.42634        0.00098
      134.16775      149.27567      343.39922        0.00098
      131.60178      146.50252      164.89441        0.00098
      141.82181      112.90896       16.84669        0.00098
      131.11466       92.11678      222.07441        0.00098
      144.63073       60.95470       77.22350        0.00098
      119.69974       27.15361      296.48071        0.00098
      319.72859       64.18076      343.41183        0.00098
      322.61062      113.10155      196.14501        0.00098
      150.78356      167.93666      246.36674        0.00098
      132.89475      102.69394      116.82722        0.00098
      316.40363      106.20443      111.92743        0.00098
      312.65275      102.25980      297.76112        0.00098
      310.84129       81.26363      147.76876        0.00098
      328.95776      121.03960       10.04188        0.00098
      324.52339      122.03036      190.99456        0.00098
      326.33195      165.87785       56.98029        0.00098
      120.75002      151.14328       65.93835        0.00098
      142.67692      114.38007      285.86827        0.00098
      134.18809       75.66420      154.60165        0.00098
      118.65112       29.07798       24.81392        0.00098
      320.53115       65.26638       73.14488        0.00098
      321.86902      120.23583      282.98204        0.00098
      132.13097       33.13688      285.29211        0.00098
      135.33641       30.77901      106.28480        0.00098
       87.51145       25.60491       42.08587        0.00098
       95.22548       26.60318      220.73514        0.00098
      299.38145       26.88746      206.94501        0.00098
      307.86598       24.43753       30.62527        0.00098
      322.55670       66.14370      253.91273        0.00098
      316.81093      106.90992      111.63510        0.00098
      314.07177      149.11786      342.96824        0.00098
       93.77701      153.57537      318.09458        0.00098
      130.93998       99.04954      215.57421        0.00098
      139.51662       34.21336      101.92410        0.00098
       96.36995      153.22851      230.41707        0.00098
       83.86828      160.05386       59.96846        0.00098
      133.54746      150.16358      342.33658        0.00098
      128.87763      147.78884      162.67952        0.00098
      143.71588      116.59271       14.41992        0.00098
      133.59163      103.78815      206.52903        0.00098
      138.06960       71.82951       69.61700        0.00098
      144.95311       42.15239      273.48884        0.00098
       87.33501       17.93929      200.74544        0.00098
      299.47607       29.27723      204.20152        0.00098
      314.62754       75.18529       65.29145        0.00098
      313.94450      134.37250      271.93286        0.00098
      328.57897       48.88356       86.89453        0.00098
      314.68938       33.18201      288.18117        0.00098
      317.42048       71.96513      158.55244        0.00098
      321.50617       68.21532      342.85350        0.00098
      314.74321      104.43262      203.93948        0.00098
      311.71689      100.37993       30.89610        0.00098
      328.06233      132.73600      271.62666        0.00098
      306.63053      145.60065       75.87842        0.00098
      156.42674      176.26929      158.14905        0.00098
      131.41671      144.24392      348.34745        0.00098
      130.65821       82.57069      235.74973        0.00098
      140.38293       35.03746      101.13925        0.00098
      137.26836      107.26115      291.05156        0.00098
      132.40613      101.87841      118.24794        0.00098
      133.44713       76.63589      333.83206        0.00098
      140.92796       68.91768      162.33451        0.00098
      149.87290       59.82870      350.68668        0.00098
      133.81372       67.19438      248.23536        0.00098
      131.75220       37.23642       99.33729        0.00098
      120.26643       27.96327      295.28211        0.00098
      271.24492       14.14650       12.18016        0.00098
      312.22774       34.00748      194.28785        0.00098
      314.43024       75.42149       65.03657        0.00098
      320.24887      111.81099      288.35773        0.00098
      321.87327      112.58956      106.83361        0.00098
      316.62544      107.24394      292.38488        0.00098
      321.48025      140.22941      167.86521        0.00098
      323.57188      137.44839      357.15169        0.00098
      323.55787      126.84515      187.67888        0.00098
      285.89724      159.14636       22.15397        0.00098
      303.16777      150.45173      247.79737        0.00098
       77.28608      155.56250      218.96972        0.00098
      136.70166      151.08856      162.36249        0.00098
      142.50506      133.14349        2.03209        0.00098
      130.66334       86.25436      230.74165        0.00098
      144.84262       45.28539       98.21199        0.00098
      137.44869       36.35719      280.62937        0.00098
      135.97039       31.74865      105.36719        0.00098
      124.06627       37.43386        7.58083        0.00098
      128.73113       34.40208      193.99642        0.00098
      129.49122       31.37244       17.74315        0.00098
      152.13105       17.67142      202.81594        0.00098
       85.39173       25.87914      137.01427        0.00098
      300.05348       27.77310      115.59962        0.00098
      274.39851       26.70096       33.44374        0.00098
      320.08175       39.36601      186.55733        0.00098
      315.38130       74.29176       66.21893        0.00098
      316.09468      106.39895      292.80812        0.00098
      294.25914      150.55218       64.00732        0.00098
      264.43754      157.71051      234.96629        0.00098
      313.66303      151.39250      161.16239        0.00098
      294.86595      151.88303      332.19319        0.00098
      274.81267      153.29859      139.62576        0.00098
      340.91704      171.06607       68.48442        0.00098
      119.24956      156.59880       58.84989        0.00098
       96.34155      153.15783      230.77250        0.00098
      134.97064      149.66243      163.03223        0.00098
      135.09963      141.65327      352.25248        0.00098
      131.24742       95.94438      218.66191        0.00098
      133.33438      103.23598      116.18002        0.00098
      115.51755       25.58726      300.40516        0.00098
      152.94590       10.44737      112.78314        0.00098
       70.44364        9.42909       32.99330        0.00098
      265.25052       24.46951       47.33671        0.00098
      307.92462       11.71898      217.79852        0.00098
      342.67717        9.73312       17.71535        0.00098
      275.03039       26.69128      310.38583        0.00098
      306.73060       30.36399      109.81913        0.00098
      297.85564       36.78826        5.71263        0.00098
      308.87166       32.41148      197.13119        0.00098
      319.63595       68.33585       71.17829        0.00098
      311.66233       92.40684      309.94193        0.00098
       93.66714      153.44888      228.44807        0.00098
       90.43906      170.43062       78.85895        0.00098
      140.74543      158.96290      336.19173        0.00098
      112.69203      152.46661      150.36624        0.00098
       89.78451      153.74682      316.09600        0.00098
      149.64834      166.56700      239.60631        0.00098
      120.21951      151.31312       65.49993        0.00098
      115.47893      149.99720      245.55723        0.00098
      134.78915      149.54043      163.06129        0.00098
      126.51249      146.85220      343.65255        0.00098
      137.20875      147.32107      255.80157        0.00098
      139.96453      111.34290      108.70059        0.00098
      301.17152       29.22676      113.45980        0.00098
      318.05558       27.06415      288.86073        0.00098
      266.64857       25.35168      222.27411        0.00098
      295.42419       29.52250       25.49510        0.00098
      303.38155       29.37857      202.28594        0.00098
      329.34345       18.82713       23.97512        0.00098
      292.91840       29.24397      296.82365        0.00098
      307.36505       30.57307      109.35030        0.00098
      283.57255       29.01785       22.74496        0.00098
      302.17620       29.99909      202.19508        0.00098
      289.18796       30.37515      111.60444        0.00098
      317.69458       33.03211      283.37075        0.00098
      313.31122      153.67655      249.65724        0.00098
      293.96991      152.25173       62.31942        0.00098
       34.96590      146.51120        9.75588        0.00098
      358.93891      137.46139      179.93253        0.00098
      333.01978      120.90643        9.12025        0.00098
      341.92616       90.89843      223.00813        0.00098
      336.36864       52.42146       84.52947        0.00098
       13.09525       20.59547      263.40150        0.00098
      149.26161       58.58807      349.00674        0.00098
      157.12232      120.10197      187.80852        0.00098
       43.79915      165.24596      297.24861        0.00098
      335.07755      100.84329      116.31696        0.00098
      171.01941       95.33723      104.15003        0.00098
      155.37031       99.16741      300.70214        0.00098
      168.70790       87.93373      148.95486        0.00098
      180.01570      127.09320      359.93186        0.00098
      155.41638      129.05626      184.93242        0.00098
      106.28160      155.21315      330.49938        0.00098
        9.51894      149.75883       92.39025        0.00098
      334.19399      123.28570      277.78061        0.00098
      328.87381       74.80202      154.93774        0.00098
      358.41443       33.00642        0.36686        0.00098
      149.76849       58.35609       79.48172        0.00098
      151.55579      124.72493      278.43907        0.00098
        6.05599       41.84496      269.71206        0.00098
       35.63785       34.88238       80.91907        0.00098
      302.09099       29.32997       22.26427        0.00098
      321.72745       22.62739      200.08966        0.00098
      192.66650       19.26879      173.30197        0.00098
      216.78302       34.89138      354.77005        0.00098
      154.29016       57.71512      261.91275        0.00098
      151.25924      108.96628      106.18992        0.00098
      206.00510      133.38607      357.43564        0.00098
      326.00574      161.98555      338.68202        0.00098
       22.64722      108.34962      250.51196        0.00098
       22.96373       44.90979       90.37782        0.00098
      313.87054      152.26309      251.27658        0.00098
      296.68595      151.71289       64.32863        0.00098
       37.03501      148.11033       11.44151        0.00098
      359.14812      138.96085      179.91872        0.00098
      335.24984      125.76142        6.50574        0.00098
      335.05762      101.82743      212.38223        0.00098
      331.98330       69.23189       75.42795        0.00098
       12.60099       48.68285      270.98065        0.00098
      297.44828       28.48799      204.78034        0.00098
      178.23878       33.82831      180.37485        0.00098
      147.07577       72.68824       68.02674        0.00098
      149.71434      131.95311      273.44794        0.00098
      185.89012       48.96943       90.42997        0.00098
      206.63871       63.46864      282.87058        0.00098
      146.73741       65.98131      164.72878        0.00098
      155.89075       62.56666      350.58683        0.00098
      172.91205       92.54004      196.81223        0.00098
      159.31243       96.27369       38.29564        0.00098
      189.50115      130.61685      269.22660        0.00098
      143.54960      144.25612       80.81152        0.00098
       50.56894      173.92911      215.39262        0.00098
      332.98863      140.68669      355.62570        0.00098
      346.45697       88.01176      236.02684        0.00098
       20.80831       50.83784       94.16231        0.00098
      342.80838      103.11889      284.88777        0.00098
      336.40269       98.36554      121.40386        0.00098
      331.60067       77.23984      334.15959        0.00098
      336.39739       64.48127      169.87714        0.00098
        9.90248       66.25511        7.18974        0.00098
      346.14292       70.25297      232.35853        0.00098
      326.58502       37.28381       97.44643        0.00098
       12.94365       24.82694      264.74786        0.00098
      113.40738       27.67542       27.79226        0.00098
      176.23485       42.77610      180.16002        0.00098
      147.54305       73.36898       67.29003        0.00098
      150.03072      120.16659      280.82319        0.00098
      153.54701      119.82950       99.28710        0.00098
      146.25806      112.88153      286.65563        0.00098
      207.15049      114.53993      166.34709        0.00098
      178.88222      133.65291      359.99779        0.00098
      153.59352      132.74831      182.13464        0.00098
      140.27904      144.79302      358.53143        0.00098
      189.87946      146.72444      271.96208        0.00098
      308.91138      164.90446      236.32704        0.00098
       42.53534      148.55588      193.64408        0.00098
      336.02196      136.15043      359.30082        0.00098
      352.39549       91.30315      236.43360        0.00098
       27.37334       66.05976      103.79495        0.00098
        5.58842       44.99184      270.03446        0.00098
       25.54680       46.11775       91.88885        0.00098
      323.56481       40.42829        3.99433        0.00098
      330.73731       37.74397      186.04855        0.00098
       13.45635       38.09126      358.39534        0.00098
       51.82343       21.60036      158.68701        0.00098
      310.30325       21.66096      116.80072        0.00098
      192.96163       23.76694       84.41074        0.00098
      133.13750       33.85524       12.48478        0.00098
      176.24023       45.23652      180.00667        0.00098
      146.07917       70.48115       70.35397        0.00098
      145.85698      110.89917      287.60926        0.00098
      141.53658      146.56421       78.75421        0.00098
      119.17188      151.16292      246.16585        0.00098
      219.06367      149.87678      193.37310        0.00098
      181.27542      152.93154        0.33090        0.00098
      129.48275      151.22536      160.33826        0.00098
       90.06077      156.33932      317.63234        0.00098
       10.39218      171.27116       97.07407        0.00098
      309.93729      150.77731      250.95123        0.00098
       36.04653      144.78171      188.90855        0.00098
      333.98858      139.34858      356.82954        0.00098
       13.96774      102.85209      245.22646        0.00098
      332.22605      102.81983      114.84134        0.00098
        6.59287       11.62927      266.04674        0.00098
       45.63675       13.59752       61.11760        0.00098
      286.12993       25.22485       34.93360        0.00098
      141.33523        5.24045       31.06374        0.00098
      195.68379        2.80554      168.02155        0.00098
       83.07797       13.12361      124.89571        0.00098
      131.16131       28.20021      289.46674        0.00098
      193.88713       35.72747       87.80773        0.00098
      145.26999       44.08945      359.57283        0.00098
      176.43985       41.29753      180.24246        0.00098
      149.07354       60.30465       78.38085        0.00098
      201.40225       74.22603      289.56215        0.00098
      313.32085      153.63378      249.70422        0.00098
      286.59293      153.54056       56.79065        0.00098
       40.53083      157.39525       20.02992        0.00098
        1.50147      157.75796      180.49574        0.00098
      307.41015      152.94021      337.71445        0.00098
      282.80364      155.39603      147.55546        0.00098
        9.39900      150.64174       92.50218        0.00098
      319.29525      146.56619      257.95070        0.00098
       34.93594      143.94301      188.05668        0.00098
      331.66922      142.42977      354.16664        0.00098
       23.22094      128.13768      264.42654        0.00098
      329.77112      119.60511      101.16297        0.00098
      186.61298       32.29260       88.59397        0.00098
      224.25971       29.22096      253.98472        0.00098
      121.12053       29.08892      202.96399        0.00098
      145.68128       34.06709        9.42948        0.00098
      192.83992       32.41633      177.20050        0.00098
      234.12620       25.13559      338.80464        0.00098
      139.35590       32.98862      282.32380        0.00098
      193.93917       36.28016       87.93760        0.00098
      136.56167       35.85561        9.38653        0.00098
      177.64784       36.30513      180.37883        0.00098
      136.84436       35.66035       99.97602        0.00098
      206.67371       39.39388      266.06043        0.00098
      217.02273      156.86719      289.72725        0.00098
      179.04001      157.43135       90.81420        0.00098
      239.79562      148.92472       20.31864        0.00098
      217.36416      139.31246      184.38481        0.00098
      201.04018      126.19939      355.34552        0.00098
      221.25341       87.77877      222.00022        0.00098
      204.52672       45.38483       90.06283        0.00098
      256.23612       26.95137      234.95803        0.00098
       17.07450       33.88899      351.97810        0.00098
       26.46344      120.93574      171.61545        0.00098
      280.73364      156.03096      318.66674        0.00098
      222.14690       73.81839      113.00140        0.00098
       38.00603       70.12750      108.02817        0.00098
       43.11666       80.05336      301.36970        0.00098
       41.05485      107.98484      158.73579        0.00098
       32.04887      118.09647      348.00193        0.00098
       24.54164      137.03220      181.61796        0.00098
        3.05463      166.35080       10.60685        0.00098
      246.06204      151.61143      117.70891        0.00098
      201.70133      129.82750      267.00309        0.00098
      220.55191       91.49140      138.11798        0.00098
      238.53129       29.51294      337.16836        0.00098
       12.99641       39.97317       87.86469        0.00098
       17.66393      139.74984      272.14910        0.00098
      219.13598       40.00281      264.84261        0.00098
      233.29272       34.65126       77.31952        0.00098
      185.54416       27.38468      357.48305        0.00098
      224.40024       23.61061      157.28618        0.00098
       76.96770       26.83481      144.38028        0.00098
       74.40329       27.96803      336.05432        0.00098
       22.03015       53.47206      274.95293        0.00098
       39.46190       71.99454      109.81333        0.00098
       38.65416      129.45887      353.61876        0.00098
      225.17508      159.02774       26.01148        0.00098
      218.28412      111.99770      252.12373        0.00098
      214.19031       55.33130       99.29805        0.00098
      218.79317      154.36648      288.03264        0.00098
      179.79414      155.84788       91.02919        0.00098
      246.84894      150.92327       26.04018        0.00098
      223.47318      144.17926      190.76397        0.00098
      203.03656      133.30243      359.10745        0.00098
      222.65849      102.95487      240.97042        0.00098
      217.35067      107.19242       70.77448        0.00098
      212.45951       60.49983      281.82667        0.00098
      178.58438       24.16743      179.25462        0.00098
       57.51232       29.76869      157.90249        0.00098
       41.21208       95.12261       52.90242        0.00098
       18.43163      142.54555      273.32944        0.00098
       31.70899       60.23032      101.35240        0.00098
       37.02734       65.80498      286.35420        0.00098
       34.59830       91.56395      141.08958        0.00098
       25.03940       60.43016        8.12427        0.00098
       38.67374       69.89068      198.33319        0.00098
       41.64391       95.67946       51.85083        0.00098
       32.26623      119.17519      258.16377        0.00098
       30.30959      144.07668       97.32849        0.00098
      294.10198      165.90448      226.12807        0.00098
      215.61499      143.91644        8.87725        0.00098
      222.00495      106.49800      246.93758        0.00098
      214.26892       60.39385      102.51606        0.00098
      217.84519       71.23086      288.49902        0.00098
      223.21532       79.31189      120.41149        0.00098
      223.11542      103.31861      333.36730        0.00098
      203.12435       62.54135      187.83714        0.00098
      215.42178       65.76719       15.10329        0.00098
      218.35348       66.98765      198.24794        0.00098
      210.52310       36.74577       83.02967        0.00098
      252.76370       27.41821      237.54235        0.00098
      357.50184       22.18261      359.64015        0.00098
       36.92088       40.70899      175.60814        0.00098
       41.52034       95.79477       53.69678        0.00098
       12.36249      132.40720      269.88252        0.00098
       23.35935      123.19115       83.59981        0.00098
       36.71160       93.15260      316.09608        0.00098
       37.00913      113.67083      163.56351        0.00098
       30.02975      123.63028      351.04783        0.00098
       25.48358      138.84589      182.98840        0.00098
       74.51878      162.03874       87.75059        0.00098
       61.83729      150.72525      294.58520        0.00098
      204.58703      172.76279      290.62990        0.00098
      250.39436      151.44539      207.44956        0.00098
      212.30404      140.71215        5.87709        0.00098
      221.00216      108.14115      248.68408        0.00098
      216.91498       66.46700      106.38521        0.00098
      210.97603       54.55571      278.01211        0.00098
      217.05308       52.02173       97.39660        0.00098
      193.68167       35.25523      357.14609        0.00098
      215.35906       35.72710      171.01176        0.00098
      232.35903       32.38437      343.07651        0.00098
      252.73713       10.79117      182.33890        0.00098
      209.21713       14.79314       68.89807        0.00098
       73.70584       27.28821       56.84325        0.00098
        4.03103       28.88109      357.62894        0.00098
       29.88459       52.83888      186.65003        0.00098
       39.95411       92.68432       50.09687        0.00098
       41.96356       79.79317      300.18838        0.00098
       37.75816      147.18026      101.59918        0.00098
        0.53501      154.57324      271.22309        0.00098
       74.02826      152.35358      211.59777        0.00098
       65.51625      151.86295       27.79299        0.00098
       31.16182      154.52012      194.92485        0.00098
        0.00085      171.87741        8.03117        0.00098
      260.04159      154.16073      128.44684        0.00098
      211.48663      153.39347      284.10407        0.00098
      233.14961      144.75389      191.42718        0.00098
      214.74851      143.26428        8.26092        0.00098
      218.85210      111.15664      251.45050        0.00098
      222.45080       74.45370      113.71929        0.00098
      256.95579       26.22782      233.69322        0.00098
      283.48766       22.97015       40.85509        0.00098
      181.55858        9.28371      356.72954        0.00098
       39.96110        5.93201      327.29596        0.00098
       83.43717       24.06643      138.69371        0.00098
       67.11561        5.00241       11.13889        0.00098
       34.53115       25.05430      253.22258        0.00098
       58.34796       30.34177       68.33352        0.00098
        9.84151       30.02249      355.42449        0.00098
       42.97600       35.85521      169.30968        0.00098
        6.61606       46.15521       88.41293        0.00098
       38.27974       68.45210      287.89552        0.00098
      217.07207      156.79627      289.68447        0.00098
      177.40948      163.32960       90.29703        0.00098
      269.95793      154.25438       43.22010        0.00098
      248.79419      152.52166      210.30871        0.00098
      208.31139      158.91608       16.82787        0.00098
      180.39792      166.67418      188.09859        0.00098
      247.13138      151.80598      118.49555        0.00098
      212.68705      146.20776      279.27132        0.00098
      230.59282      142.94859      188.39207        0.00098
      217.08271      144.88687        9.90031        0.00098
      215.06485      120.17797      257.45428        0.00098
      190.82192      130.71658       89.75004        0.00098
       62.26402       29.02995       64.90437        0.00098
       80.40999       26.72512      234.41949        0.00098
        5.17284       26.79922      177.50957        0.00098
       41.28021       32.49488      346.91979        0.00098
       64.09937       28.89088      153.93591        0.00098
       80.50267       13.36251      352.40784        0.00098
       35.79552       32.80563      259.06475        0.00098
       57.13279       30.70709       69.27912        0.00098
        5.49573       29.34608      357.16757        0.00098
       54.09431       30.74033      160.36544        0.00098
        7.81387       32.07419       87.52141        0.00098
       39.98951       43.97588      269.73083        0.00098
       81.65179      153.05182      308.87745        0.00098
       65.73478      152.08488      118.68227        0.00098
       78.62945      156.89954      332.85837        0.00098
       51.35441      139.15293      184.27364        0.00098
       35.68303      126.23759      353.04913        0.00098
       55.44111       87.25816      221.04634        0.00098
       46.42673       38.18979       81.10979        0.00098
      108.43807       16.95577      232.65175        0.00098
      235.89395       31.35842      339.21308        0.00098
      218.00947      114.56325      165.07528        0.00098
       37.55643      172.93186      216.70183        0.00098
       52.23447       79.75054      119.15419        0.00098
      228.45411       76.49954      114.57615        0.00098
      234.58769       82.55222      303.54167        0.00098
      231.22100      100.97881      151.48832        0.00098
      221.72745      109.93844      340.77374        0.00098
      233.19548      146.17351      196.13863        0.00098
      240.44342      152.35802       26.62304        0.00098
       97.62116      154.25867      136.33499        0.00098
       38.89150      133.56720      269.19409        0.00098
       55.89886       90.44586      136.16775        0.00098
       88.69215       26.91880      317.39040        0.00098
      235.00757       31.88149       70.20548        0.00098
      235.96332      148.25202      290.10343        0.00098
       54.61126       39.76859      264.68525        0.00098
       72.76773       25.50397      136.66145        0.00098
       65.99618       28.31166      331.65927        0.00098
       85.63130       26.73364      138.42474        0.00098
      289.44841       15.99115      142.87541        0.00098
      242.05984       28.35702       62.85031        0.00098
      215.66277       53.95601      277.22371        0.00098
      231.16122       78.62586      116.90911        0.00098
      261.34280      150.90246      333.77975        0.00098
       88.95680      153.49501       43.88470        0.00098
       48.37548      103.66781      244.17829        0.00098
       64.11236       44.90994       95.93108        0.00098
       80.22854      152.90557      307.81423        0.00098
       65.23626      151.87925      118.19463        0.00098
       73.00778      159.98432      332.86286        0.00098
       57.96964      144.74320      193.02721        0.00098
       44.30115      140.24836        6.77837        0.00098
       53.73720       98.55051      237.13494        0.00098
       51.80430      101.07550       63.35248        0.00098
       41.26957       66.87984      287.52112        0.00098
       64.10711       28.24949      152.50359        0.00098
      267.58346       27.03303      138.15691        0.00098
      235.89377       94.20357       51.69268        0.00098
      238.67550      149.36126      292.35482        0.00098
      220.62721       67.21616      107.46413        0.00098
      226.78404       72.55851      292.75893        0.00098
      236.62743       86.19020      132.31498        0.00098
      219.18582       66.70261       15.47041        0.00098
      228.43518       76.55018      204.92401        0.00098
      234.89542       96.05228       53.52127        0.00098
      221.23851      111.88048      251.81180        0.00098
      244.93037      150.41528      116.27581        0.00098
       32.47740      177.18343      121.47836        0.00098
       62.62000      149.29751       23.40895        0.00098
       52.02354      100.28750      240.48644        0.00098
       52.98499       55.12209      101.53428        0.00098
       49.81911       77.50574      295.43781        0.00098
       54.35389       82.18692      123.00001        0.00098
       53.72695       98.89186      328.84242        0.00098
       40.79573       68.30594      196.20048        0.00098
       45.10724       73.53946       22.30363        0.00098
       69.98089       48.63977      201.10027        0.00098
       63.46692       30.08945       65.11680        0.00098
      104.82749       21.63990      227.24600        0.00098
      244.70144       27.95947      331.87943        0.00098
      230.48332       41.01895      175.84465        0.00098
      235.75192       94.83137       52.61515        0.00098
      231.02002      145.73222      285.70186        0.00098
      216.14061      118.67987       77.93655        0.00098
      235.79808       96.28833      322.42483        0.00098
      226.81329      105.37752      155.94793        0.00098
      219.87867      122.01208      348.65780        0.00098
      236.56746      147.66924      199.20799        0.00098
      240.33070      151.00728       25.20596        0.00098
      273.53481      153.53011      314.66185        0.00098
       82.43085      154.00675      310.12813        0.00098
       64.41681      154.29095      123.95583        0.00098
       51.93788      144.66077       13.32334        0.00098
       51.26065      100.90591      241.19133        0.00098
       46.85278       74.93201      114.21271        0.00098
       43.92485       53.17941      277.96744        0.00098
       81.22398       32.68635      105.50973        0.00098
       59.81853       30.04242      336.53063        0.00098
       64.67106       30.03776      154.69177        0.00098
       76.76486       29.01942      331.45118        0.00098
       57.93368       26.59013      242.88838        0.00098
       83.24210       26.58814       49.75996        0.00098
      285.84846       20.50468       48.76497        0.00098
      240.67380       29.29117      335.29648        0.00098
      222.75346       51.37654      186.22103        0.00098
      236.16795       91.06265       47.24759        0.00098
      235.70497       83.55788      304.51458        0.00098
      251.19238      151.60504      120.89042        0.00098
      244.66111      151.70067      297.70157        0.00098
      246.77902      163.12926      150.64803        0.00098
      276.56322      153.86135       47.27851        0.00098
      256.87989      152.69258      215.53201        0.00098
      233.36949      157.79087       30.27279        0.00098
      117.54351      170.53890      129.23443        0.00098
       76.00498      152.58782      304.88630        0.00098
       69.92018      153.79449      127.91637        0.00098
       59.93624      148.39856       21.04539        0.00098
       49.11931      102.85590      243.33851        0.00098
       52.65159       80.07019      119.55071        0.00098
      115.80640       14.69776      226.81883        0.00098
       35.92150        6.76052      145.27982        0.00098
       68.00998       25.87187      327.85682        0.00098
      272.65583       25.03736      313.62123        0.00098
      301.32610        4.05210      141.00723        0.00098
      224.41851       15.78909       57.18843        0.00098
      258.73435       27.17063      233.18264        0.00098
      270.39305       26.76146       48.27563        0.00098
      238.54636       30.04998      337.03420        0.00098
      237.07824       35.39411      167.11370        0.00098
      233.80320       32.58050       71.16188        0.00098
      228.50287       76.64541      295.86079        0.00098
       81.61314      153.04800      308.84870        0.00098
       66.08541      152.88030      119.76467        0.00098
       50.48662      170.00685      319.70884        0.00098
      101.50989      154.65676      229.59981        0.00098
       79.13798      152.97049       37.24096        0.00098
       59.94833      152.70210      206.79846        0.00098
       98.74645      154.52646      136.65440        0.00098
       68.48594      151.25499      299.10279        0.00098
       70.84706      153.84990      129.41820        0.00098
       65.96776      150.23794       26.24108        0.00098
       68.77694      135.04698      259.82875        0.00098
       50.16971      145.21026      104.92192        0.00098
      273.30283       26.50593       45.11226        0.00098
      237.66186       20.13861      317.82784        0.00098
      246.34177       28.23142      151.38897        0.00098
      252.64784       28.28537      328.26817        0.00098
      276.20209       25.94445      134.77070        0.00098
      239.08835       27.18035       63.11168        0.00098
      250.69426       28.40061      239.34055        0.00098
      268.02948       26.99732       50.41493        0.00098
      240.02276       29.50873      335.82425        0.00098
      260.86628       27.66903      143.52735        0.00098
      240.55426       29.56693       65.67950        0.00098
      255.56293       35.39886      271.71584        0.00098
      293.64156      156.82044      322.56104        0.00098
      275.20145      153.01417      138.32741        0.00098
      263.12816      152.65030      310.66920        0.00098
      281.52879      143.93972      169.21652        0.00098
      260.94592      120.09791      359.85008        0.00098
      266.80473       89.97186      224.26390        0.00098
      248.72301       43.87567       85.70246        0.00098
      246.37203       23.98928      324.39832        0.00098
       85.72655       28.33397      319.14164        0.00098
       95.08332      110.03067      184.26971        0.00098
      257.45004      153.67825      217.29523        0.00098
      266.44321       89.70863      128.07823        0.00098
       86.98903       89.31628      116.41322        0.00098
       88.88545       89.95544      310.65757        0.00098
       80.65047       90.73763      141.31252        0.00098
       81.25408      115.67455      354.37818        0.00098
       68.19588      141.51430      190.32932        0.00098
       89.98259      152.95253       44.94229        0.00098
      253.67702      153.72889       36.75887        0.00098
      251.78383      127.66065      269.91210        0.00098
      273.26845       89.78735      139.25060        0.00098
      255.28194       25.16489       47.86825        0.00098
       82.15230       28.87823       52.70900        0.00098
       81.20178      151.01932      305.82758        0.00098
      281.77907       32.00455      290.88771        0.00098
      264.79283       27.48524      138.31282        0.00098
      276.16923       27.11006      311.12516        0.00098
      298.82266       15.94836      136.95915        0.00098
       64.76801       22.97401      233.67189        0.00098
       87.96751       27.49224       46.39107        0.00098
       78.19557       58.07603      270.94459        0.00098
       92.08531       90.43222      120.13757        0.00098
       87.48119      152.25608      313.68159        0.00098
      301.06336      169.14816       39.31115        0.00098
      251.92350      110.68676      255.50666        0.00098
      272.89877       28.21801      130.82381        0.00098
      290.79775      155.30180      323.39362        0.00098
      274.89813      152.95465      138.11663        0.00098
      262.46267      152.76166      310.20804        0.00098
      279.16466      147.83655      162.34823        0.00098
      248.18439      134.14603        3.03630        0.00098
      269.77062       90.13972      223.66511        0.00098
      275.52740       87.59967       65.24337        0.00098
      285.69869       48.51036      272.64655        0.00098
      273.91225       27.08425      132.52088        0.00098
       76.28769       25.60734      228.26677        0.00098
       93.98027       89.69929       50.35866        0.00098
       89.04063      152.18116      313.09958        0.00098
       99.16267       53.33895       91.16371        0.00098
      108.62281       34.82926      290.69260        0.00098
      109.40582       76.33561      161.11429        0.00098
       97.91212       74.51336      351.81687        0.00098
       82.77872       88.23970      208.63376        0.00098
       87.93694       90.01213       44.24944        0.00098
      100.61526      127.02660      268.62700        0.00098
       90.28534      152.36087      132.14172        0.00098
      255.84381      154.99187      127.25781        0.00098
      258.18900      146.75510       15.80061        0.00098
      262.29603       90.46701      229.85288        0.00098
      280.23513       29.73346      123.20562        0.00098
      270.47174       90.16116      296.40027        0.00098
      268.32036       89.92324      130.65537        0.00098
      269.22557       90.04133      320.93828        0.00098
      277.48871       77.57603      170.00237        0.00098
      246.15387       75.04962       17.58808        0.00098
      268.67037       28.40211      225.67676        0.00098
      264.60823       28.61982       54.70817        0.00098
      250.18181       25.59114      324.64154        0.00098
       94.27169       27.00024      312.26928        0.00098
      100.18068       37.32901      188.21041        0.00098
       93.25860       89.76001       50.16209        0.00098
       65.60008      140.53840      281.23013        0.00098
       95.75137      112.90136       94.64155        0.00098
      109.08838      102.22119      291.09635        0.00098
       97.91454      124.91052      174.14970        0.00098
      100.32895      132.77622      357.90214        0.00098
       70.22270      144.93030      195.76749        0.00098
       89.48218      152.49491       44.56167        0.00098
       76.78005      153.25129      217.96711        0.00098
      305.79356      167.79597      318.85783        0.00098
      264.64262      152.69599      131.52188        0.00098
      255.06943      139.77310        6.03597        0.00098
      258.72686       90.88826      230.92781        0.00098
      261.05399       65.08378       99.28730        0.00098
      285.86229       41.44691      276.39185        0.00098
      268.09532       27.77033      135.69198        0.00098
      272.46475       27.54717      313.88341        0.00098
      260.19059       30.76808      156.89730        0.00098
      263.35775       27.14334       47.16774        0.00098
      267.79387       27.02915      226.48493        0.00098
      300.81201       17.78794       40.39514        0.00098
       69.26192       25.28475      144.71605        0.00098
       92.69669       27.38589      313.39114        0.00098
       99.65838       44.38361      182.99269        0.00098
       97.52053       89.27825       51.86127        0.00098
       97.99705       90.99117      305.92948        0.00098
       98.57795      153.07126      138.61666        0.00098
       94.63359      152.90171      317.93157        0.00098
       81.73000      152.87880      129.70870        0.00098
       68.10761      158.82974      315.45745        0.00098
      106.26250      153.67377      233.82787        0.00098
       90.39157      153.28464       45.23788        0.00098
      232.72900      169.75514       43.10059        0.00098
      285.01967      153.47276      323.36152        0.00098
      265.32545      152.49118      131.99829        0.00098
      256.75562      144.77275       12.23710        0.00098
      243.70018      102.05076      246.75367        0.00098
      267.75027       89.82124      128.05496        0.00098
      234.35053       10.93387      315.03874        0.00098
      257.91498       26.26990      142.42054        0.00098
      283.20537       26.15498      307.06651        0.00098
      127.89029        2.93197      317.43857        0.00098
       50.01087        5.60179      227.66312        0.00098
       87.30855       26.64469       46.77571        0.00098
      108.77572       25.67223      215.86090        0.00098
       79.49883       27.01798      140.66292        0.00098
       91.82176       27.59758      314.04104        0.00098
       98.77878       33.43820      193.57180        0.00098
       76.04132       30.65689       59.43231        0.00098
       67.17168       81.14001      295.76693        0.00098
      293.55853      156.76785      322.59927        0.00098
      276.59087      153.21942      139.24153        0.00098
      258.47484      153.25926      307.73004        0.00098
      243.17548      164.05345      140.09457        0.00098
      290.30639      154.68310       54.81960        0.00098
      270.04465      153.00898      224.98836        0.00098
      252.78697      153.91690       36.51424        0.00098
      276.48463      152.83957      317.79287        0.00098
      265.43214      152.46159      132.07449        0.00098
      261.70834      149.58295       22.88090        0.00098
      271.80320      151.85151      227.60025        0.00098
      245.75734      138.27279       98.81893        0.00098
       75.20154       26.37228      142.11063        0.00098
       83.22209       27.11622      319.39842        0.00098
       96.32120       27.08756      131.01922        0.00098
       98.90793       26.62807      312.71225        0.00098
       76.44632       26.78267      232.52304        0.00098
       87.82441       27.09836       46.46833        0.00098
       98.62129       27.01571      220.81534        0.00098
       80.15544       27.03391      140.10039        0.00098
       92.46843       27.44612      313.55816        0.00098
       80.94705       26.07552      224.06812        0.00098
       93.37102       27.43990       43.01271        0.00098
       87.55477       27.64236      315.59885        0.00098
       72.55913      158.37677      224.30361        0.00098
      126.09736      160.40881      141.28349        0.00098
      115.00447      151.10262      332.76827        0.00098
      119.56606      148.36993      158.79199        0.00098
      136.01200      108.02188       21.10175        0.00098
      123.59711       92.23519      221.74688        0.00098
      137.80805       60.90917       76.24787        0.00098
       98.50360       26.91503      308.86057        0.00098
      288.58430       46.48564      345.90763        0.00098
      316.77949      108.37403      200.30331        0.00098
      111.56775      153.88745      237.86602        0.00098
      126.26906       99.33550      120.15096        0.00098
      309.24088      102.01155      115.83172        0.00098
      306.03784       98.97720      301.11756        0.00098
      303.89498       82.98660      146.24098        0.00098
      323.16255      117.71408       13.04162        0.00098
      313.10690      125.53980      189.32898        0.00098
      299.19651      152.77082       62.47878        0.00098
      102.00070      152.58110       53.91882        0.00098
      137.21120      110.15066      289.57661        0.00098
      126.99611       80.34677      149.55049        0.00098
      100.78840       27.51402       36.53098        0.00098
      299.54530       54.53626       76.50333        0.00098
      298.96742      129.91121      279.37907        0.00098
      116.26076       30.35432      294.57349        0.00098
      117.81305       29.39562      115.34999        0.00098
      116.24118       19.25223      320.90240        0.00098
       73.29645       23.64721      230.04136        0.00098
      277.79635       26.85099      219.37406        0.00098
      298.21915       28.93398       25.94511        0.00098
      316.87145       70.96361      249.76255        0.00098
      310.32561      102.62180      115.70900        0.00098
      300.51503      149.76026      336.71126        0.00098
       70.65548      157.28877      309.23190        0.00098
      122.71985       99.11547      217.89875        0.00098
      120.36924       30.76622      112.73828        0.00098
       75.56458      156.40754      222.82046        0.00098
      123.11077      158.52869      142.34787        0.00098
      113.38585      151.50923      331.49212        0.00098
      114.32583      150.01157      154.19272        0.00098
      138.03579      114.56661       16.71556        0.00098
      126.34809       99.10950      211.68043        0.00098
      131.76512       76.19899       65.53576        0.00098
      136.54549       41.58821      274.46460        0.00098
      121.06627       24.31688      122.63505        0.00098
      281.65653       27.62237      215.86141        0.00098
      307.51055       79.89166       60.31914        0.00098
      283.61492      142.95479      275.40993        0.00098
      321.09686       49.11276       86.56189        0.00098
      304.99611       32.75858      289.61302        0.00098
      310.75721       77.06087      153.62353        0.00098
      315.66567       72.71821      338.80373        0.00098
      307.51703      100.66155      207.47521        0.00098
      304.99084       97.55066       33.91318        0.00098
      320.43012      132.60165      271.79886        0.00098
      293.34011      145.53406       77.81560        0.00098
      122.34033      162.72800      142.99697        0.00098
      122.68330      143.72383      348.85321        0.00098
      123.71296       83.85334      234.69923        0.00098
      122.56176       31.61764      110.85946        0.00098
      130.76706      103.07388      294.93485        0.00098
      125.82920       98.82851      121.32669        0.00098
      126.70997       80.41975      329.94996        0.00098
      135.06662       73.29317      158.36731        0.00098
      141.70807       62.53929      347.88669        0.00098
      111.66390       30.08453      215.56284        0.00098
      119.17639       37.42625       97.98345        0.00098
      100.31980       27.11889      307.49492        0.00098
      304.74714       22.05678      304.57615        0.00098
      301.20125       32.37063      199.45454        0.00098
      307.34515       80.02174       60.16688        0.00098
      314.28974      108.88183      291.26136        0.00098
      315.93401      107.64483      111.18404        0.00098
      309.84206      102.17415      297.38670        0.00098
      310.40177      143.45508      165.56019        0.00098
      316.46025      136.65007      357.87797        0.00098
      309.16557      130.58400      185.44821        0.00098
      296.97485      151.54360       62.56703        0.00098
      284.34184      152.25787      235.71312        0.00098
       69.03058      175.65770      242.22628        0.00098
      116.09918      151.25740      153.10011        0.00098
      131.95967      134.13166        1.31649        0.00098
      122.92100       86.65008      230.49627        0.00098
      134.91204       41.04628       99.31828        0.00098
      128.34845       35.43934      283.33490        0.00098
      120.63282       30.38708      113.05188        0.00098
       96.95024       28.02450      341.56209        0.00098
      119.30239       34.52035      194.36274        0.00098
      110.17018       28.69117       29.87806        0.00098
      117.24493       27.69483      207.65638        0.00098
       67.08673       10.70635      124.62701        0.00098
      279.84862       27.06454      127.85086        0.00098
      292.85051       26.94408      302.77566        0.00098
      313.16290       40.03107      186.15420        0.00098
      308.21276       79.31955       60.98453        0.00098
      309.14215      101.49339      297.75077        0.00098
      273.78225      152.73508       51.12346        0.00098
      300.47630      156.89779      323.88419        0.00098
      291.64549      151.90783      150.12598        0.00098
      276.68973      152.95791      320.27134        0.00098
      256.11220      158.72172      140.04883        0.00098
      308.93757      159.81395       57.85138        0.00098
       92.99413      153.75299       47.14974        0.00098
       77.35320      157.60813      228.72809        0.00098
      118.37773      150.55650      154.94348        0.00098
      125.94180      140.97670      353.22733        0.00098
      122.93143       95.55566      218.87410        0.00098
      126.66875       99.62283      119.80360        0.00098
       91.93394       26.41586      313.44017        0.00098
      113.25297       25.57467      121.87508        0.00098
      140.09200        6.02570      309.46941        0.00098
      236.27614        8.32300       45.73130        0.00098
      274.19234       25.13454      222.47751        0.00098
      304.00790       22.61964       30.80160        0.00098
      255.07082       22.18207      313.89496        0.00098
      287.40762       28.15068      122.06678        0.00098
      288.22736       26.67089      309.31932        0.00098
      295.28514       30.32394      204.81431        0.00098
      311.41755       67.99704       69.95240        0.00098
      302.22112       91.88715      310.28652        0.00098
       72.64340      158.30999      224.24190        0.00098
      134.58927      166.08403      141.58236        0.00098
      108.40193      152.79103      327.34645        0.00098
       93.57652      153.21637      137.97755        0.00098
       72.99375      164.52562      327.28922        0.00098
      120.01935      153.18679      242.34921        0.00098
      101.41459      152.65490       53.47232        0.00098
       97.41540      152.05177      237.93517        0.00098
      118.68695      150.45238      155.19567        0.00098
      115.96060      147.65672      340.48233        0.00098
      121.81112      149.03417      248.01718        0.00098
      134.14126      107.95139      111.88896        0.00098
      282.66087       27.58077      125.44167        0.00098
      293.19662       28.12995      299.03647        0.00098
      297.34018       18.61665      140.98271        0.00098
      275.88181       27.43205       38.36140        0.00098
      284.39453       27.67281      214.37493        0.00098
      297.01913       27.95373       27.47680        0.00098
      271.69277       27.00856      309.73075        0.00098
      287.99822       28.25687      121.60642        0.00098
      291.96765       26.85976      303.91931        0.00098
      284.71617       28.05605      213.47843        0.00098
      288.25627       25.89537       40.20120        0.00098
      298.05575       29.95622      294.61740        0.00098
      285.49955      152.86090      236.11239        0.00098
      270.10819      154.48027       48.28872        0.00098
      342.61132      148.89351      353.94674        0.00098
      323.80623      143.51598      171.12572        0.00098
      325.49420      116.17119       13.94218        0.00098
      317.20697       91.86757      222.43959        0.00098
      327.76784       58.61166       79.26424        0.00098
      325.91049       21.26698      289.98339        0.00098
      143.19414       63.69626      344.66931        0.00098
      146.33595      115.96452      193.43031        0.00098
      357.07496      170.11026      265.37382        0.00098
      316.63851      104.95192      114.37743        0.00098
      141.00125      108.62869      108.98274        0.00098
      136.18949      103.85534      296.22288        0.00098
      135.85895       80.04259      149.08372        0.00098
      153.59373      122.81250        7.78843        0.00098
