( 2.352770666196E+05                  , 0.000000000000E+00                  ) 
( 0.000000000000E+00                  , 0.000000000000E+00                  ) 
( -5.744335717881E+03                 , 5.995683512572E-13                  ) 
( 1.922374397921E+03                  , 2.316369318578E-12                  ) 
( 2.735630278482E+03                  , 1.469882825538E-12                  ) 
( 0.000000000000E+00                  , 0.000000000000E+00                  ) 
( 7.545666417284E+03                  , 1.136868377216E-12                  ) 
( 0.000000000000E+00                  , 0.000000000000E+00                  ) 
( 0.000000000000E+00                  , 0.000000000000E+00                  ) 
( -4.712867985159E-14                 , 6.957745404511E+03                  ) 
( 0.000000000000E+00                  , 0.000000000000E+00                  ) 
( 1.693776198987E-13                  , 3.089910924827E+03                  ) 
( -8.004042759603E+03                 , 1.380062794187E-14                  ) 
( 0.000000000000E+00                  , 0.000000000000E+00                  ) 
( 6.497713507074E+03                  , 5.202368704326E-14                  ) 
( 0.000000000000E+00                  , 0.000000000000E+00                  ) 
( -2.269057739272E+03                 , 1.369393923449E-13                  ) 
( 0.000000000000E+00                  , 0.000000000000E+00                  ) 
( 0.000000000000E+00                  , 0.000000000000E+00                  ) 
( 0.000000000000E+00                  , 0.000000000000E+00                  ) 
( 9.824657095352E+02                  , -1.529657349311E-13                 ) 
( 0.000000000000E+00                  , 0.000000000000E+00                  ) 
( 0.000000000000E+00                  , 0.000000000000E+00                  ) 
( 0.000000000000E+00                  , 0.000000000000E+00                  ) 
( 0.000000000000E+00                  , 0.000000000000E+00                  ) 
( 0.000000000000E+00                  , 0.000000000000E+00                  ) 
( 0.000000000000E+00                  , 0.000000000000E+00                  ) 
( 0.000000000000E+00                  , 0.000000000000E+00                  ) 
( 6.497713507074E+03                  , -9.458069425216E-14                 ) 
( 0.000000000000E+00                  , 0.000000000000E+00                  ) 
( -2.269057739272E+03                 , -1.066454570244E-14                 ) 
( 0.000000000000E+00                  , 0.000000000000E+00                  ) 
( 0.000000000000E+00                  , 0.000000000000E+00                  ) 
( -3.973322006884E-16                 , 6.957745404511E+03                  ) 
( 0.000000000000E+00                  , 0.000000000000E+00                  ) 
( -8.772655449787E-14                 , 3.089910924827E+03                  ) 
( -9.602480082591E+03                 , -7.556778476625E-14                 ) 
( 0.000000000000E+00                  , 0.000000000000E+00                  ) 
( -6.408536473036E+03                 , -1.509662336306E-13                 ) 
( 0.000000000000E+00                  , 0.000000000000E+00                  ) 
( 2.981893152064E+03                  , -2.780252441346E-13                 ) 
( 0.000000000000E+00                  , 0.000000000000E+00                  ) 
( 0.000000000000E+00                  , 0.000000000000E+00                  ) 
( 0.000000000000E+00                  , 0.000000000000E+00                  ) 
( 0.000000000000E+00                  , 0.000000000000E+00                  ) 
( -1.467439756937E-13                 , 4.649104267269E+03                  ) 
( 0.000000000000E+00                  , 0.000000000000E+00                  ) 
( 1.153968406710E-14                  , 2.231722800360E+03                  ) 
( 0.000000000000E+00                  , 0.000000000000E+00                  ) 
( 0.000000000000E+00                  , 0.000000000000E+00                  ) 
( 5.451013906473E+03                  , 1.966126100822E-14                  ) 
( 0.000000000000E+00                  , 0.000000000000E+00                  ) 
( -5.007903319941E+03                 , -9.461927703092E-14                 ) 
( 0.000000000000E+00                  , 0.000000000000E+00                  ) 
( 1.749252657229E+03                  , -7.985644758544E-14                 ) 
( 0.000000000000E+00                  , 0.000000000000E+00                  ) 
( 0.000000000000E+00                  , 0.000000000000E+00                  ) 
( 0.000000000000E+00                  , 0.000000000000E+00                  ) 
( 0.000000000000E+00                  , 0.000000000000E+00                  ) 
( 0.000000000000E+00                  , 0.000000000000E+00                  ) 
( 0.000000000000E+00                  , 0.000000000000E+00                  ) 
( 0.000000000000E+00                  , 0.000000000000E+00                  ) 
( 0.000000000000E+00                  , 0.000000000000E+00                  ) 
( 0.000000000000E+00                  , 0.000000000000E+00                  ) 
( 0.000000000000E+00                  , 0.000000000000E+00                  ) 
( -5.007903319941E+03                 , -3.219011074908E-13                 ) 
( 0.000000000000E+00                  , 0.000000000000E+00                  ) 
( 1.749252657229E+03                  , -2.059849311733E-13                 ) 
( 0.000000000000E+00                  , 0.000000000000E+00                  ) 
( 0.000000000000E+00                  , 0.000000000000E+00                  ) 
( 0.000000000000E+00                  , 0.000000000000E+00                  ) 
( 0.000000000000E+00                  , 0.000000000000E+00                  ) 
( -1.769028943932E-13                 , 4.649104267269E+03                  ) 
( 0.000000000000E+00                  , 0.000000000000E+00                  ) 
( 1.136905505393E-13                  , 2.231722800360E+03                  ) 
( 0.000000000000E+00                  , 0.000000000000E+00                  ) 
( 0.000000000000E+00                  , 0.000000000000E+00                  ) 
( -1.759106788266E+04                 , -1.193176417938E-13                 ) 
( 0.000000000000E+00                  , 0.000000000000E+00                  ) 
( -1.141130393397E+04                 , -3.632068692222E-13                 ) 
( 0.000000000000E+00                  , 0.000000000000E+00                  ) 
( 4.774202622129E+03                  , 5.608651920004E-15                  ) 
( 0.000000000000E+00                  , 0.000000000000E+00                  ) 
( -1.409319142451E+03                 , 4.378094610666E-14                  ) 
( 0.000000000000E+00                  , 0.000000000000E+00                  ) 
( 0.000000000000E+00                  , 0.000000000000E+00                  ) 
( 0.000000000000E+00                  , 0.000000000000E+00                  ) 
( 0.000000000000E+00                  , 0.000000000000E+00                  ) 
( -7.167352979437E-14                 , -8.060392309102E+03                 ) 
( 0.000000000000E+00                  , 0.000000000000E+00                  ) 
( -2.458829660813E-13                 , -2.373571611204E+03                 ) 
( 0.000000000000E+00                  , 0.000000000000E+00                  ) 
( 0.000000000000E+00                  , 0.000000000000E+00                  ) 
( -1.495924022689E+03                 , 1.382731213801E-13                  ) 
( 0.000000000000E+00                  , 0.000000000000E+00                  ) 
( 1.334607257610E+03                  , 1.850479646039E-14                  ) 
( 0.000000000000E+00                  , 0.000000000000E+00                  ) 
( 0.000000000000E+00                  , 0.000000000000E+00                  ) 
( 0.000000000000E+00                  , 0.000000000000E+00                  ) 
( 0.000000000000E+00                  , 0.000000000000E+00                  ) 
( 0.000000000000E+00                  , 0.000000000000E+00                  ) 
( 0.000000000000E+00                  , 0.000000000000E+00                  ) 
( 0.000000000000E+00                  , 0.000000000000E+00                  ) 
( 0.000000000000E+00                  , 0.000000000000E+00                  ) 
( 1.334607257610E+03                  , -6.165851032571E-15                 ) 
( 0.000000000000E+00                  , 0.000000000000E+00                  ) 
( 0.000000000000E+00                  , 0.000000000000E+00                  ) 
( 0.000000000000E+00                  , 0.000000000000E+00                  ) 
( 0.000000000000E+00                  , 0.000000000000E+00                  ) 
( 1.408041216716E-13                  , -8.060392309102E+03                 ) 
( 0.000000000000E+00                  , 0.000000000000E+00                  ) 
( -1.145864734010E-13                 , -2.373571611204E+03                 ) 
( 0.000000000000E+00                  , 0.000000000000E+00                  ) 
( 0.000000000000E+00                  , 0.000000000000E+00                  ) 
( 0.000000000000E+00                  , 0.000000000000E+00                  ) 
( 1.686638815649E+03                  , 4.639415828002E-14                  ) 
( 0.000000000000E+00                  , 0.000000000000E+00                  ) 
( 0.000000000000E+00                  , 0.000000000000E+00                  ) 
( 0.000000000000E+00                  , 0.000000000000E+00                  ) 
( 0.000000000000E+00                  , 0.000000000000E+00                  ) 
( 0.000000000000E+00                  , 0.000000000000E+00                  ) 
( 0.000000000000E+00                  , 0.000000000000E+00                  ) 
( 0.000000000000E+00                  , 0.000000000000E+00                  ) 
( 0.000000000000E+00                  , 0.000000000000E+00                  ) 
( 0.000000000000E+00                  , 0.000000000000E+00                  ) 
( 0.000000000000E+00                  , 0.000000000000E+00                  ) 
( 0.000000000000E+00                  , 0.000000000000E+00                  ) 
( 0.000000000000E+00                  , 0.000000000000E+00                  ) 
( 0.000000000000E+00                  , 0.000000000000E+00                  ) 
( 0.000000000000E+00                  , 0.000000000000E+00                  ) 
( 0.000000000000E+00                  , 0.000000000000E+00                  ) 
( 0.000000000000E+00                  , 0.000000000000E+00                  ) 
( 2.948149291424E+03                  , 1.961223685930E-13                  ) 
( 0.000000000000E+00                  , 0.000000000000E+00                  ) 
( 0.000000000000E+00                  , 0.000000000000E+00                  ) 
( 1.442446557995E+03                  , -7.721679063500E-14                 ) 
( 0.000000000000E+00                  , 0.000000000000E+00                  ) 
( 0.000000000000E+00                  , 0.000000000000E+00                  ) 
( 0.000000000000E+00                  , 0.000000000000E+00                  ) 
( 1.251211984489E-13                  , -1.075098141913E+03                 ) 
( 0.000000000000E+00                  , 0.000000000000E+00                  ) 
( 9.154016992911E-14                  , -1.075098141913E+03                 ) 
( 0.000000000000E+00                  , 0.000000000000E+00                  ) 
( 0.000000000000E+00                  , 0.000000000000E+00                  ) 
( 0.000000000000E+00                  , 0.000000000000E+00                  ) 
( 0.000000000000E+00                  , 0.000000000000E+00                  ) 
( 1.442446557995E+03                  , -2.956841332883E-14                 ) 
( 0.000000000000E+00                  , 0.000000000000E+00                  ) 
( 0.000000000000E+00                  , 0.000000000000E+00                  ) 
( 0.000000000000E+00                  , 0.000000000000E+00                  ) 
( -8.884375426605E-14                 , -1.075098141913E+03                 ) 
( 0.000000000000E+00                  , 0.000000000000E+00                  ) 
( -9.262701025485E-14                 , -1.075098141913E+03                 ) 
( 0.000000000000E+00                  , 0.000000000000E+00                  ) 
( 0.000000000000E+00                  , 0.000000000000E+00                  ) 
( 0.000000000000E+00                  , 0.000000000000E+00                  ) 
( 0.000000000000E+00                  , 0.000000000000E+00                  ) 
( 0.000000000000E+00                  , 0.000000000000E+00                  ) 
( 0.000000000000E+00                  , 0.000000000000E+00                  ) 
( 0.000000000000E+00                  , 0.000000000000E+00                  ) 
( 0.000000000000E+00                  , 0.000000000000E+00                  ) 
( 0.000000000000E+00                  , 0.000000000000E+00                  ) 
( 0.000000000000E+00                  , 0.000000000000E+00                  ) 
( 0.000000000000E+00                  , 0.000000000000E+00                  ) 
( 0.000000000000E+00                  , 0.000000000000E+00                  ) 
( 0.000000000000E+00                  , 0.000000000000E+00                  ) 
( 0.000000000000E+00                  , 0.000000000000E+00                  ) 
( 0.000000000000E+00                  , 0.000000000000E+00                  ) 
( 0.000000000000E+00                  , 0.000000000000E+00                  ) 
( 0.000000000000E+00                  , 0.000000000000E+00                  ) 
( 0.000000000000E+00                  , 0.000000000000E+00                  ) 
( 0.000000000000E+00                  , 0.000000000000E+00                  ) 
( -1.141130393397E+04                 , -5.198020948121E-14                 ) 
( 0.000000000000E+00                  , 0.000000000000E+00                  ) 
( 4.774202622129E+03                  , -4.963614416263E-14                 ) 
( 0.000000000000E+00                  , 0.000000000000E+00                  ) 
( -1.409319142451E+03                 , -3.645663445869E-14                 ) 
( 0.000000000000E+00                  , 0.000000000000E+00                  ) 
( 0.000000000000E+00                  , 0.000000000000E+00                  ) 
( 0.000000000000E+00                  , 0.000000000000E+00                  ) 
( 0.000000000000E+00                  , 0.000000000000E+00                  ) 
( 1.637011531342E-13                  , -8.060392309102E+03                 ) 
( 0.000000000000E+00                  , 0.000000000000E+00                  ) 
( -2.915988456173E-13                 , -2.373571611204E+03                 ) 
( 0.000000000000E+00                  , 0.000000000000E+00                  ) 
( 0.000000000000E+00                  , 0.000000000000E+00                  ) 
( -1.495924022689E+03                 , -1.154424315966E-13                 ) 
( 0.000000000000E+00                  , 0.000000000000E+00                  ) 
( 1.334607257610E+03                  , 1.935447079505E-13                  ) 
( 0.000000000000E+00                  , 0.000000000000E+00                  ) 
( 0.000000000000E+00                  , 0.000000000000E+00                  ) 
( 0.000000000000E+00                  , 0.000000000000E+00                  ) 
( 0.000000000000E+00                  , 0.000000000000E+00                  ) 
( 0.000000000000E+00                  , 0.000000000000E+00                  ) 
( 0.000000000000E+00                  , 0.000000000000E+00                  ) 
( 0.000000000000E+00                  , 0.000000000000E+00                  ) 
( 0.000000000000E+00                  , 0.000000000000E+00                  ) 
( 1.334607257610E+03                  , 2.658352873756E-13                  ) 
( 0.000000000000E+00                  , 0.000000000000E+00                  ) 
( 0.000000000000E+00                  , 0.000000000000E+00                  ) 
( 0.000000000000E+00                  , 0.000000000000E+00                  ) 
( 0.000000000000E+00                  , 0.000000000000E+00                  ) 
( 1.805558745417E-13                  , -8.060392309102E+03                 ) 
( 0.000000000000E+00                  , 0.000000000000E+00                  ) 
( -1.802233254251E-13                 , -2.373571611204E+03                 ) 
( 0.000000000000E+00                  , 0.000000000000E+00                  ) 
( 0.000000000000E+00                  , 0.000000000000E+00                  ) 
( 0.000000000000E+00                  , 0.000000000000E+00                  ) 
( 0.000000000000E+00                  , 0.000000000000E+00                  ) 
( -6.408536473036E+03                 , -1.759548733516E-13                 ) 
( 0.000000000000E+00                  , 0.000000000000E+00                  ) 
( 2.981893152064E+03                  , -3.725261583450E-13                 ) 
( 0.000000000000E+00                  , 0.000000000000E+00                  ) 
( 0.000000000000E+00                  , 0.000000000000E+00                  ) 
( 0.000000000000E+00                  , 0.000000000000E+00                  ) 
( 0.000000000000E+00                  , 0.000000000000E+00                  ) 
( -1.642464161863E-14                 , 4.649104267269E+03                  ) 
( 0.000000000000E+00                  , 0.000000000000E+00                  ) 
( 8.306506940491E-14                  , 2.231722800360E+03                  ) 
( 0.000000000000E+00                  , 0.000000000000E+00                  ) 
( 0.000000000000E+00                  , 0.000000000000E+00                  ) 
( 5.451013906473E+03                  , 1.572719130879E-14                  ) 
( 0.000000000000E+00                  , 0.000000000000E+00                  ) 
( -5.007903319941E+03                 , -5.057236427806E-14                 ) 
( 0.000000000000E+00                  , 0.000000000000E+00                  ) 
( 1.749252657229E+03                  , -1.434948946571E-13                 ) 
( 0.000000000000E+00                  , 0.000000000000E+00                  ) 
( 0.000000000000E+00                  , 0.000000000000E+00                  ) 
( 0.000000000000E+00                  , 0.000000000000E+00                  ) 
( 0.000000000000E+00                  , 0.000000000000E+00                  ) 
( 0.000000000000E+00                  , 0.000000000000E+00                  ) 
( 0.000000000000E+00                  , 0.000000000000E+00                  ) 
( 0.000000000000E+00                  , 0.000000000000E+00                  ) 
( 0.000000000000E+00                  , 0.000000000000E+00                  ) 
( 0.000000000000E+00                  , 0.000000000000E+00                  ) 
( 0.000000000000E+00                  , 0.000000000000E+00                  ) 
( -5.007903319941E+03                 , -2.098025023577E-13                 ) 
( 0.000000000000E+00                  , 0.000000000000E+00                  ) 
( 1.749252657229E+03                  , -1.274732583283E-14                 ) 
( 0.000000000000E+00                  , 0.000000000000E+00                  ) 
( 0.000000000000E+00                  , 0.000000000000E+00                  ) 
( 0.000000000000E+00                  , 0.000000000000E+00                  ) 
( 0.000000000000E+00                  , 0.000000000000E+00                  ) 
( -4.723891049705E-14                 , 4.649104267269E+03                  ) 
( 0.000000000000E+00                  , 0.000000000000E+00                  ) 
( 7.521882951872E-14                  , 2.231722800360E+03                  ) 
( 0.000000000000E+00                  , 0.000000000000E+00                  ) 
( 0.000000000000E+00                  , 0.000000000000E+00                  ) 
( -8.456414325461E+03                 , -9.399619313964E-14                 ) 
( 0.000000000000E+00                  , 0.000000000000E+00                  ) 
( -4.930674160326E+03                 , -7.271443104757E-14                 ) 
( 0.000000000000E+00                  , 0.000000000000E+00                  ) 
( 1.986286148717E+03                  , -1.660157471564E-15                 ) 
( 0.000000000000E+00                  , 0.000000000000E+00                  ) 
( 0.000000000000E+00                  , 0.000000000000E+00                  ) 
( -2.733646994690E-13                 , 6.241309323806E+03                  ) 
( 0.000000000000E+00                  , 0.000000000000E+00                  ) 
( 7.506254116620E-14                  , 2.431743114721E+03                  ) 
( -6.672217898152E+03                 , -2.966274502417E-14                 ) 
( 0.000000000000E+00                  , 0.000000000000E+00                  ) 
( 5.717023819579E+03                  , -7.126840439134E-14                 ) 
( 0.000000000000E+00                  , 0.000000000000E+00                  ) 
( -1.882441765898E+03                 , 7.794557011828E-14                  ) 
( 0.000000000000E+00                  , 0.000000000000E+00                  ) 
( 0.000000000000E+00                  , 0.000000000000E+00                  ) 
( 0.000000000000E+00                  , 0.000000000000E+00                  ) 
( 0.000000000000E+00                  , 0.000000000000E+00                  ) 
( 0.000000000000E+00                  , 0.000000000000E+00                  ) 
( 0.000000000000E+00                  , 0.000000000000E+00                  ) 
( 0.000000000000E+00                  , 0.000000000000E+00                  ) 
( 5.717023819579E+03                  , 2.599265805762E-13                  ) 
( 0.000000000000E+00                  , 0.000000000000E+00                  ) 
( -1.882441765898E+03                 , -7.333993430016E-15                 ) 
( 0.000000000000E+00                  , 0.000000000000E+00                  ) 
( -5.222896522875E-14                 , 6.241309323806E+03                  ) 
( 0.000000000000E+00                  , 0.000000000000E+00                  ) 
( 8.591130342932E-14                  , 2.431743114721E+03                  ) 
( 0.000000000000E+00                  , 0.000000000000E+00                  ) 
( 0.000000000000E+00                  , 0.000000000000E+00                  ) 
( 0.000000000000E+00                  , 0.000000000000E+00                  ) 
( 0.000000000000E+00                  , 0.000000000000E+00                  ) 
( 0.000000000000E+00                  , 0.000000000000E+00                  ) 
( 1.445324541428E-14                  , 2.179779633409E+03                  ) 
( 0.000000000000E+00                  , 0.000000000000E+00                  ) 
( 0.000000000000E+00                  , 0.000000000000E+00                  ) 
( 0.000000000000E+00                  , 0.000000000000E+00                  ) 
( -5.288774307651E+03                 , -1.084391202756E-13                 ) 
( 0.000000000000E+00                  , 0.000000000000E+00                  ) 
( 4.761095295643E+03                  , 9.215823458204E-14                  ) 
( 0.000000000000E+00                  , 0.000000000000E+00                  ) 
( -1.705807007674E+03                 , 4.555361579123E-14                  ) 
( 0.000000000000E+00                  , 0.000000000000E+00                  ) 
( 0.000000000000E+00                  , 0.000000000000E+00                  ) 
( 0.000000000000E+00                  , 0.000000000000E+00                  ) 
( 0.000000000000E+00                  , 0.000000000000E+00                  ) 
( 0.000000000000E+00                  , 0.000000000000E+00                  ) 
( 0.000000000000E+00                  , 0.000000000000E+00                  ) 
( 0.000000000000E+00                  , 0.000000000000E+00                  ) 
( 0.000000000000E+00                  , 0.000000000000E+00                  ) 
( 0.000000000000E+00                  , 0.000000000000E+00                  ) 
( 0.000000000000E+00                  , 0.000000000000E+00                  ) 
( 0.000000000000E+00                  , 0.000000000000E+00                  ) 
( -4.761095295643E+03                 , -2.506062475834E-13                 ) 
( 0.000000000000E+00                  , 0.000000000000E+00                  ) 
( 1.705807007674E+03                  , -2.287320398944E-16                 ) 
( 0.000000000000E+00                  , 0.000000000000E+00                  ) 
( 0.000000000000E+00                  , 0.000000000000E+00                  ) 
( 0.000000000000E+00                  , 0.000000000000E+00                  ) 
( 4.457026377025E-14                  , -2.179779633409E+03                 ) 
( 0.000000000000E+00                  , 0.000000000000E+00                  ) 
( 0.000000000000E+00                  , 0.000000000000E+00                  ) 
( 0.000000000000E+00                  , 0.000000000000E+00                  ) 
( 5.098305747510E+03                  , 1.162839168809E-13                  ) 
( 0.000000000000E+00                  , 0.000000000000E+00                  ) 
( 3.256673072005E+03                  , -7.408158733917E-15                 ) 
( 0.000000000000E+00                  , 0.000000000000E+00                  ) 
( -1.027853588931E+03                 , 4.187657209094E-15                  ) 
( 0.000000000000E+00                  , 0.000000000000E+00                  ) 
( 0.000000000000E+00                  , 0.000000000000E+00                  ) 
( 0.000000000000E+00                  , 0.000000000000E+00                  ) 
( 8.647251910280E-15                  , -2.094728881873E+03                 ) 
( 0.000000000000E+00                  , 0.000000000000E+00                  ) 
( 0.000000000000E+00                  , 0.000000000000E+00                  ) 
( -2.804138700508E+03                 , -1.225334328143E-13                 ) 
( 0.000000000000E+00                  , 0.000000000000E+00                  ) 
( 2.320998718118E+03                  , 1.628461554870E-13                  ) 
( 0.000000000000E+00                  , 0.000000000000E+00                  ) 
( 0.000000000000E+00                  , 0.000000000000E+00                  ) 
( 0.000000000000E+00                  , 0.000000000000E+00                  ) 
( 0.000000000000E+00                  , 0.000000000000E+00                  ) 
( 0.000000000000E+00                  , 0.000000000000E+00                  ) 
( 0.000000000000E+00                  , 0.000000000000E+00                  ) 
( 0.000000000000E+00                  , 0.000000000000E+00                  ) 
( 0.000000000000E+00                  , 0.000000000000E+00                  ) 
( 2.320998718118E+03                  , 9.164059685421E-14                  ) 
( 0.000000000000E+00                  , 0.000000000000E+00                  ) 
( 0.000000000000E+00                  , 0.000000000000E+00                  ) 
( 0.000000000000E+00                  , 0.000000000000E+00                  ) 
( 0.000000000000E+00                  , 0.000000000000E+00                  ) 
( 6.212433009572E-14                  , -2.094728881873E+03                 ) 
( 0.000000000000E+00                  , 0.000000000000E+00                  ) 
( 0.000000000000E+00                  , 0.000000000000E+00                  ) 
( 0.000000000000E+00                  , 0.000000000000E+00                  ) 
( 0.000000000000E+00                  , 0.000000000000E+00                  ) 
( 0.000000000000E+00                  , 0.000000000000E+00                  ) 
( 5.787723702958E-14                  , -2.118513082273E+03                 ) 
( 0.000000000000E+00                  , 0.000000000000E+00                  ) 
( 0.000000000000E+00                  , 0.000000000000E+00                  ) 
( 0.000000000000E+00                  , 0.000000000000E+00                  ) 
( 0.000000000000E+00                  , 0.000000000000E+00                  ) 
( 0.000000000000E+00                  , 0.000000000000E+00                  ) 
( 0.000000000000E+00                  , 0.000000000000E+00                  ) 
( 0.000000000000E+00                  , 0.000000000000E+00                  ) 
( 0.000000000000E+00                  , 0.000000000000E+00                  ) 
( 0.000000000000E+00                  , 0.000000000000E+00                  ) 
( 0.000000000000E+00                  , 0.000000000000E+00                  ) 
( 0.000000000000E+00                  , 0.000000000000E+00                  ) 
( 0.000000000000E+00                  , 0.000000000000E+00                  ) 
( 0.000000000000E+00                  , 0.000000000000E+00                  ) 
( 0.000000000000E+00                  , 0.000000000000E+00                  ) 
( 0.000000000000E+00                  , 0.000000000000E+00                  ) 
( 0.000000000000E+00                  , 0.000000000000E+00                  ) 
( -1.839977724555E-14                 , 2.118513082273E+03                  ) 
( 0.000000000000E+00                  , 0.000000000000E+00                  ) 
( 0.000000000000E+00                  , 0.000000000000E+00                  ) 
( 0.000000000000E+00                  , 0.000000000000E+00                  ) 
( -1.570605325293E+03                 , 6.646764444179E-14                  ) 
( -1.255063229136E+03                 , -4.807467974974E-17                 ) 
( 0.000000000000E+00                  , 0.000000000000E+00                  ) 
( 0.000000000000E+00                  , 0.000000000000E+00                  ) 
( 0.000000000000E+00                  , 0.000000000000E+00                  ) 
( 0.000000000000E+00                  , 0.000000000000E+00                  ) 
( 0.000000000000E+00                  , 0.000000000000E+00                  ) 
( 0.000000000000E+00                  , 0.000000000000E+00                  ) 
( 0.000000000000E+00                  , 0.000000000000E+00                  ) 
( 0.000000000000E+00                  , 0.000000000000E+00                  ) 
( 0.000000000000E+00                  , 0.000000000000E+00                  ) 
( 0.000000000000E+00                  , 0.000000000000E+00                  ) 
( 0.000000000000E+00                  , 0.000000000000E+00                  ) 
( 0.000000000000E+00                  , 0.000000000000E+00                  ) 
( 0.000000000000E+00                  , 0.000000000000E+00                  ) 
( 0.000000000000E+00                  , 0.000000000000E+00                  ) 
( 0.000000000000E+00                  , 0.000000000000E+00                  ) 
( 0.000000000000E+00                  , 0.000000000000E+00                  ) 
( 0.000000000000E+00                  , 0.000000000000E+00                  ) 
( 0.000000000000E+00                  , 0.000000000000E+00                  ) 
( 0.000000000000E+00                  , 0.000000000000E+00                  ) 
( 0.000000000000E+00                  , 0.000000000000E+00                  ) 
( 0.000000000000E+00                  , 0.000000000000E+00                  ) 
( 0.000000000000E+00                  , 0.000000000000E+00                  ) 
( 0.000000000000E+00                  , 0.000000000000E+00                  ) 
( 0.000000000000E+00                  , 0.000000000000E+00                  ) 
( 0.000000000000E+00                  , 0.000000000000E+00                  ) 
( 0.000000000000E+00                  , 0.000000000000E+00                  ) 
( 0.000000000000E+00                  , 0.000000000000E+00                  ) 
( 0.000000000000E+00                  , 0.000000000000E+00                  ) 
( 0.000000000000E+00                  , 0.000000000000E+00                  ) 
( 0.000000000000E+00                  , 0.000000000000E+00                  ) 
( 0.000000000000E+00                  , 0.000000000000E+00                  ) 
( 0.000000000000E+00                  , 0.000000000000E+00                  ) 
( 0.000000000000E+00                  , 0.000000000000E+00                  ) 
( 0.000000000000E+00                  , 0.000000000000E+00                  ) 
( 0.000000000000E+00                  , 0.000000000000E+00                  ) 
( 0.000000000000E+00                  , 0.000000000000E+00                  ) 
( 0.000000000000E+00                  , 0.000000000000E+00                  ) 
( 0.000000000000E+00                  , 0.000000000000E+00                  ) 
( 0.000000000000E+00                  , 0.000000000000E+00                  ) 
( 0.000000000000E+00                  , 0.000000000000E+00                  ) 
( 0.000000000000E+00                  , 0.000000000000E+00                  ) 
( 0.000000000000E+00                  , 0.000000000000E+00                  ) 
( 0.000000000000E+00                  , 0.000000000000E+00                  ) 
( 0.000000000000E+00                  , 0.000000000000E+00                  ) 
( 0.000000000000E+00                  , 0.000000000000E+00                  ) 
( 0.000000000000E+00                  , 0.000000000000E+00                  ) 
( 0.000000000000E+00                  , 0.000000000000E+00                  ) 
( 0.000000000000E+00                  , 0.000000000000E+00                  ) 
( 0.000000000000E+00                  , 0.000000000000E+00                  ) 
( 0.000000000000E+00                  , 0.000000000000E+00                  ) 
( 0.000000000000E+00                  , 0.000000000000E+00                  ) 
( 0.000000000000E+00                  , 0.000000000000E+00                  ) 
( 0.000000000000E+00                  , 0.000000000000E+00                  ) 
( 0.000000000000E+00                  , 0.000000000000E+00                  ) 
( 0.000000000000E+00                  , 0.000000000000E+00                  ) 
( 0.000000000000E+00                  , 0.000000000000E+00                  ) 
( 0.000000000000E+00                  , 0.000000000000E+00                  ) 
( 0.000000000000E+00                  , 0.000000000000E+00                  ) 
( 0.000000000000E+00                  , 0.000000000000E+00                  ) 
( 0.000000000000E+00                  , 0.000000000000E+00                  ) 
( 0.000000000000E+00                  , 0.000000000000E+00                  ) 
( 0.000000000000E+00                  , 0.000000000000E+00                  ) 
( 1.415841250896E+03                  , -1.231303284508E-13                 ) 
( 0.000000000000E+00                  , 0.000000000000E+00                  ) 
( 0.000000000000E+00                  , 0.000000000000E+00                  ) 
( -1.119376992331E+03                 , -1.026751495558E-14                 ) 
( 0.000000000000E+00                  , 0.000000000000E+00                  ) 
( 0.000000000000E+00                  , 0.000000000000E+00                  ) 
( 0.000000000000E+00                  , 0.000000000000E+00                  ) 
( 0.000000000000E+00                  , 0.000000000000E+00                  ) 
( 0.000000000000E+00                  , 0.000000000000E+00                  ) 
( 0.000000000000E+00                  , 0.000000000000E+00                  ) 
( 0.000000000000E+00                  , 0.000000000000E+00                  ) 
( 0.000000000000E+00                  , 0.000000000000E+00                  ) 
( 0.000000000000E+00                  , 0.000000000000E+00                  ) 
( 0.000000000000E+00                  , 0.000000000000E+00                  ) 
( 0.000000000000E+00                  , 0.000000000000E+00                  ) 
( 0.000000000000E+00                  , 0.000000000000E+00                  ) 
( 0.000000000000E+00                  , 0.000000000000E+00                  ) 
( 0.000000000000E+00                  , 0.000000000000E+00                  ) 
( 0.000000000000E+00                  , 0.000000000000E+00                  ) 
( 0.000000000000E+00                  , 0.000000000000E+00                  ) 
( 0.000000000000E+00                  , 0.000000000000E+00                  ) 
( 0.000000000000E+00                  , 0.000000000000E+00                  ) 
( 0.000000000000E+00                  , 0.000000000000E+00                  ) 
( 0.000000000000E+00                  , 0.000000000000E+00                  ) 
( 0.000000000000E+00                  , 0.000000000000E+00                  ) 
( 0.000000000000E+00                  , 0.000000000000E+00                  ) 
( 0.000000000000E+00                  , 0.000000000000E+00                  ) 
( 0.000000000000E+00                  , 0.000000000000E+00                  ) 
( 0.000000000000E+00                  , 0.000000000000E+00                  ) 
( 0.000000000000E+00                  , 0.000000000000E+00                  ) 
( 0.000000000000E+00                  , 0.000000000000E+00                  ) 
( 0.000000000000E+00                  , 0.000000000000E+00                  ) 
( 0.000000000000E+00                  , 0.000000000000E+00                  ) 
( 0.000000000000E+00                  , 0.000000000000E+00                  ) 
( 0.000000000000E+00                  , 0.000000000000E+00                  ) 
( 0.000000000000E+00                  , 0.000000000000E+00                  ) 
( 0.000000000000E+00                  , 0.000000000000E+00                  ) 
( 0.000000000000E+00                  , 0.000000000000E+00                  ) 
( 0.000000000000E+00                  , 0.000000000000E+00                  ) 
( 0.000000000000E+00                  , 0.000000000000E+00                  ) 
( 0.000000000000E+00                  , 0.000000000000E+00                  ) 
( 0.000000000000E+00                  , 0.000000000000E+00                  ) 
( 0.000000000000E+00                  , 0.000000000000E+00                  ) 
( 0.000000000000E+00                  , 0.000000000000E+00                  ) 
( 0.000000000000E+00                  , 0.000000000000E+00                  ) 
( -1.255063229136E+03                 , -1.162559420148E-13                 ) 
( 0.000000000000E+00                  , 0.000000000000E+00                  ) 
( 0.000000000000E+00                  , 0.000000000000E+00                  ) 
( 0.000000000000E+00                  , 0.000000000000E+00                  ) 
( 0.000000000000E+00                  , 0.000000000000E+00                  ) 
( 0.000000000000E+00                  , 0.000000000000E+00                  ) 
( 0.000000000000E+00                  , 0.000000000000E+00                  ) 
( 0.000000000000E+00                  , 0.000000000000E+00                  ) 
( 0.000000000000E+00                  , 0.000000000000E+00                  ) 
( 0.000000000000E+00                  , 0.000000000000E+00                  ) 
( 0.000000000000E+00                  , 0.000000000000E+00                  ) 
( 0.000000000000E+00                  , 0.000000000000E+00                  ) 
( 0.000000000000E+00                  , 0.000000000000E+00                  ) 
( 0.000000000000E+00                  , 0.000000000000E+00                  ) 
( 0.000000000000E+00                  , 0.000000000000E+00                  ) 
( 0.000000000000E+00                  , 0.000000000000E+00                  ) 
( 0.000000000000E+00                  , 0.000000000000E+00                  ) 
( 0.000000000000E+00                  , 0.000000000000E+00                  ) 
( 0.000000000000E+00                  , 0.000000000000E+00                  ) 
( 0.000000000000E+00                  , 0.000000000000E+00                  ) 
( 0.000000000000E+00                  , 0.000000000000E+00                  ) 
( 0.000000000000E+00                  , 0.000000000000E+00                  ) 
( 0.000000000000E+00                  , 0.000000000000E+00                  ) 
( 0.000000000000E+00                  , 0.000000000000E+00                  ) 
( 0.000000000000E+00                  , 0.000000000000E+00                  ) 
( 0.000000000000E+00                  , 0.000000000000E+00                  ) 
( 0.000000000000E+00                  , 0.000000000000E+00                  ) 
( 0.000000000000E+00                  , 0.000000000000E+00                  ) 
( 6.358078389912E-14                  , -2.118513082273E+03                 ) 
( 0.000000000000E+00                  , 0.000000000000E+00                  ) 
( 0.000000000000E+00                  , 0.000000000000E+00                  ) 
( 0.000000000000E+00                  , 0.000000000000E+00                  ) 
( 0.000000000000E+00                  , 0.000000000000E+00                  ) 
( 0.000000000000E+00                  , 0.000000000000E+00                  ) 
( 0.000000000000E+00                  , 0.000000000000E+00                  ) 
( 0.000000000000E+00                  , 0.000000000000E+00                  ) 
( 0.000000000000E+00                  , 0.000000000000E+00                  ) 
( 0.000000000000E+00                  , 0.000000000000E+00                  ) 
( 0.000000000000E+00                  , 0.000000000000E+00                  ) 
( 0.000000000000E+00                  , 0.000000000000E+00                  ) 
( 0.000000000000E+00                  , 0.000000000000E+00                  ) 
( 0.000000000000E+00                  , 0.000000000000E+00                  ) 
( 0.000000000000E+00                  , 0.000000000000E+00                  ) 
( 0.000000000000E+00                  , 0.000000000000E+00                  ) 
( 0.000000000000E+00                  , 0.000000000000E+00                  ) 
( -8.151604505157E-14                 , 2.118513082273E+03                  ) 
( 0.000000000000E+00                  , 0.000000000000E+00                  ) 
( 0.000000000000E+00                  , 0.000000000000E+00                  ) 
( 0.000000000000E+00                  , 0.000000000000E+00                  ) 
( 0.000000000000E+00                  , 0.000000000000E+00                  ) 
( 3.256673072005E+03                  , 7.700688564350E-14                  ) 
( 0.000000000000E+00                  , 0.000000000000E+00                  ) 
( -1.027853588931E+03                 , 5.391424673130E-14                  ) 
( 0.000000000000E+00                  , 0.000000000000E+00                  ) 
( 0.000000000000E+00                  , 0.000000000000E+00                  ) 
( 0.000000000000E+00                  , 0.000000000000E+00                  ) 
( 7.399465668134E-14                  , -2.094728881873E+03                 ) 
( 0.000000000000E+00                  , 0.000000000000E+00                  ) 
( 0.000000000000E+00                  , 0.000000000000E+00                  ) 
( -2.804138700508E+03                 , 1.646902056498E-14                  ) 
( 0.000000000000E+00                  , 0.000000000000E+00                  ) 
( 2.320998718118E+03                  , 5.809096177161E-14                  ) 
( 0.000000000000E+00                  , 0.000000000000E+00                  ) 
( 0.000000000000E+00                  , 0.000000000000E+00                  ) 
( 0.000000000000E+00                  , 0.000000000000E+00                  ) 
( 0.000000000000E+00                  , 0.000000000000E+00                  ) 
( 0.000000000000E+00                  , 0.000000000000E+00                  ) 
( 0.000000000000E+00                  , 0.000000000000E+00                  ) 
( 0.000000000000E+00                  , 0.000000000000E+00                  ) 
( 0.000000000000E+00                  , 0.000000000000E+00                  ) 
( 0.000000000000E+00                  , 0.000000000000E+00                  ) 
( 2.320998718118E+03                  , 2.277969691306E-13                  ) 
( 0.000000000000E+00                  , 0.000000000000E+00                  ) 
( 0.000000000000E+00                  , 0.000000000000E+00                  ) 
( 0.000000000000E+00                  , 0.000000000000E+00                  ) 
( 0.000000000000E+00                  , 0.000000000000E+00                  ) 
( 8.001338973399E-15                  , -2.094728881873E+03                 ) 
( 0.000000000000E+00                  , 0.000000000000E+00                  ) 
( 0.000000000000E+00                  , 0.000000000000E+00                  ) 
( 0.000000000000E+00                  , 0.000000000000E+00                  ) 
( 0.000000000000E+00                  , 0.000000000000E+00                  ) 
( 0.000000000000E+00                  , 0.000000000000E+00                  ) 
( 0.000000000000E+00                  , 0.000000000000E+00                  ) 
( 0.000000000000E+00                  , 0.000000000000E+00                  ) 
( -9.167263281775E-14                 , 2.179779633409E+03                  ) 
( 0.000000000000E+00                  , 0.000000000000E+00                  ) 
( 0.000000000000E+00                  , 0.000000000000E+00                  ) 
( 0.000000000000E+00                  , 0.000000000000E+00                  ) 
( -5.288774307651E+03                 , -1.676695116812E-13                 ) 
( 0.000000000000E+00                  , 0.000000000000E+00                  ) 
( 4.761095295643E+03                  , 8.465935279277E-14                  ) 
( 0.000000000000E+00                  , 0.000000000000E+00                  ) 
( -1.705807007674E+03                 , 2.275012398808E-14                  ) 
( 0.000000000000E+00                  , 0.000000000000E+00                  ) 
( 0.000000000000E+00                  , 0.000000000000E+00                  ) 
( 0.000000000000E+00                  , 0.000000000000E+00                  ) 
( 0.000000000000E+00                  , 0.000000000000E+00                  ) 
( 0.000000000000E+00                  , 0.000000000000E+00                  ) 
( 0.000000000000E+00                  , 0.000000000000E+00                  ) 
( 0.000000000000E+00                  , 0.000000000000E+00                  ) 
( 0.000000000000E+00                  , 0.000000000000E+00                  ) 
( 0.000000000000E+00                  , 0.000000000000E+00                  ) 
( 0.000000000000E+00                  , 0.000000000000E+00                  ) 
( 0.000000000000E+00                  , 0.000000000000E+00                  ) 
( -4.761095295643E+03                 , -2.258919841286E-13                 ) 
( 0.000000000000E+00                  , 0.000000000000E+00                  ) 
( 1.705807007674E+03                  , 9.552961082906E-14                  ) 
( 0.000000000000E+00                  , 0.000000000000E+00                  ) 
( 0.000000000000E+00                  , 0.000000000000E+00                  ) 
( 0.000000000000E+00                  , 0.000000000000E+00                  ) 
( 1.160609803207E-13                  , -2.179779633409E+03                 ) 
( 0.000000000000E+00                  , 0.000000000000E+00                  ) 
( 0.000000000000E+00                  , 0.000000000000E+00                  ) 
( 0.000000000000E+00                  , 0.000000000000E+00                  ) 
( 1.817992120696E+03                  , 1.872783398341E-14                  ) 
( 1.010886397038E+03                  , 2.307691142186E-15                  ) 
( 1.296791600330E+03                  , 3.753851188733E-14                  ) 
( 0.000000000000E+00                  , 0.000000000000E+00                  ) 
( 0.000000000000E+00                  , 0.000000000000E+00                  ) 
( 1.046732765185E+03                  , 6.532595850365E-15                  ) 
( 0.000000000000E+00                  , 0.000000000000E+00                  ) 
( 0.000000000000E+00                  , 0.000000000000E+00                  ) 
( 0.000000000000E+00                  , 0.000000000000E+00                  ) 
( 0.000000000000E+00                  , 0.000000000000E+00                  ) 
( 0.000000000000E+00                  , 0.000000000000E+00                  ) 
( 0.000000000000E+00                  , 0.000000000000E+00                  ) 
( 0.000000000000E+00                  , 0.000000000000E+00                  ) 
( 1.038620828945E+03                  , 4.003618838725E-14                  ) 
( 0.000000000000E+00                  , 0.000000000000E+00                  ) 
( 0.000000000000E+00                  , 0.000000000000E+00                  ) 
( 0.000000000000E+00                  , 0.000000000000E+00                  ) 
( 0.000000000000E+00                  , 0.000000000000E+00                  ) 
( 0.000000000000E+00                  , 0.000000000000E+00                  ) 
( 0.000000000000E+00                  , 0.000000000000E+00                  ) 
( 0.000000000000E+00                  , 0.000000000000E+00                  ) 
( 0.000000000000E+00                  , 0.000000000000E+00                  ) 
( 0.000000000000E+00                  , 0.000000000000E+00                  ) 
( 0.000000000000E+00                  , 0.000000000000E+00                  ) 
( 0.000000000000E+00                  , 0.000000000000E+00                  ) 
( 1.398556050180E+03                  , 5.310078215824E-14                  ) 
( 0.000000000000E+00                  , 0.000000000000E+00                  ) 
( 0.000000000000E+00                  , 0.000000000000E+00                  ) 
( 0.000000000000E+00                  , 0.000000000000E+00                  ) 
( 0.000000000000E+00                  , 0.000000000000E+00                  ) 
( 0.000000000000E+00                  , 0.000000000000E+00                  ) 
( 0.000000000000E+00                  , 0.000000000000E+00                  ) 
( 0.000000000000E+00                  , 0.000000000000E+00                  ) 
( 0.000000000000E+00                  , 0.000000000000E+00                  ) 
( 0.000000000000E+00                  , 0.000000000000E+00                  ) 
( 0.000000000000E+00                  , 0.000000000000E+00                  ) 
( 0.000000000000E+00                  , 0.000000000000E+00                  ) 
( 0.000000000000E+00                  , 0.000000000000E+00                  ) 
( 0.000000000000E+00                  , 0.000000000000E+00                  ) 
( 0.000000000000E+00                  , 0.000000000000E+00                  ) 
( 0.000000000000E+00                  , 0.000000000000E+00                  ) 
( 0.000000000000E+00                  , 0.000000000000E+00                  ) 
( 0.000000000000E+00                  , 0.000000000000E+00                  ) 
( 1.038620828945E+03                  , 5.905540111758E-14                  ) 
( 0.000000000000E+00                  , 0.000000000000E+00                  ) 
( 0.000000000000E+00                  , 0.000000000000E+00                  ) 
( 0.000000000000E+00                  , 0.000000000000E+00                  ) 
( 1.010886397038E+03                  , -9.880666091208E-15                 ) 
( 1.296791600330E+03                  , 1.203719798795E-14                  ) 
( 0.000000000000E+00                  , 0.000000000000E+00                  ) 
( 0.000000000000E+00                  , 0.000000000000E+00                  ) 
( 1.046732765185E+03                  , -7.201537416082E-15                 ) 
( 0.000000000000E+00                  , 0.000000000000E+00                  ) 
( 0.000000000000E+00                  , 0.000000000000E+00                  ) 
( 0.000000000000E+00                  , 0.000000000000E+00                  ) 
( 0.000000000000E+00                  , 0.000000000000E+00                  ) 
( 0.000000000000E+00                  , 0.000000000000E+00                  ) 
( 0.000000000000E+00                  , 0.000000000000E+00                  ) 
( 0.000000000000E+00                  , 0.000000000000E+00                  ) 
( -1.038620828945E+03                 , 1.020788127074E-14                  ) 
( 0.000000000000E+00                  , 0.000000000000E+00                  ) 
( 0.000000000000E+00                  , 0.000000000000E+00                  ) 
( 0.000000000000E+00                  , 0.000000000000E+00                  ) 
( 0.000000000000E+00                  , 0.000000000000E+00                  ) 
( 0.000000000000E+00                  , 0.000000000000E+00                  ) 
( 0.000000000000E+00                  , 0.000000000000E+00                  ) 
( 0.000000000000E+00                  , 0.000000000000E+00                  ) 
( 0.000000000000E+00                  , 0.000000000000E+00                  ) 
( 0.000000000000E+00                  , 0.000000000000E+00                  ) 
( 0.000000000000E+00                  , 0.000000000000E+00                  ) 
( 0.000000000000E+00                  , 0.000000000000E+00                  ) 
( 1.398556050180E+03                  , 1.540315230682E-14                  ) 
( 0.000000000000E+00                  , 0.000000000000E+00                  ) 
( 0.000000000000E+00                  , 0.000000000000E+00                  ) 
( 0.000000000000E+00                  , 0.000000000000E+00                  ) 
( 0.000000000000E+00                  , 0.000000000000E+00                  ) 
( 0.000000000000E+00                  , 0.000000000000E+00                  ) 
( 0.000000000000E+00                  , 0.000000000000E+00                  ) 
( 0.000000000000E+00                  , 0.000000000000E+00                  ) 
( 0.000000000000E+00                  , 0.000000000000E+00                  ) 
( 0.000000000000E+00                  , 0.000000000000E+00                  ) 
( 0.000000000000E+00                  , 0.000000000000E+00                  ) 
( 0.000000000000E+00                  , 0.000000000000E+00                  ) 
( 0.000000000000E+00                  , 0.000000000000E+00                  ) 
( 0.000000000000E+00                  , 0.000000000000E+00                  ) 
( 0.000000000000E+00                  , 0.000000000000E+00                  ) 
( 0.000000000000E+00                  , 0.000000000000E+00                  ) 
( 0.000000000000E+00                  , 0.000000000000E+00                  ) 
( 0.000000000000E+00                  , 0.000000000000E+00                  ) 
( -1.038620828945E+03                 , -9.867564065368E-15                 ) 
( 0.000000000000E+00                  , 0.000000000000E+00                  ) 
( 0.000000000000E+00                  , 0.000000000000E+00                  ) 
( 0.000000000000E+00                  , 0.000000000000E+00                  ) 
( 0.000000000000E+00                  , 0.000000000000E+00                  ) 
( -4.930674160326E+03                 , -5.518326138924E-14                 ) 
( 0.000000000000E+00                  , 0.000000000000E+00                  ) 
( 1.986286148717E+03                  , 1.660157471564E-15                  ) 
( 0.000000000000E+00                  , 0.000000000000E+00                  ) 
( 0.000000000000E+00                  , 0.000000000000E+00                  ) 
( -1.166014592941E-13                 , 6.241309323806E+03                  ) 
( 0.000000000000E+00                  , 0.000000000000E+00                  ) 
( 4.864575731551E-14                  , 2.431743114721E+03                  ) 
( -6.672217898152E+03                 , 1.704422188896E-14                  ) 
( 0.000000000000E+00                  , 0.000000000000E+00                  ) 
( 5.717023819579E+03                  , -1.507216296995E-14                 ) 
( 0.000000000000E+00                  , 0.000000000000E+00                  ) 
( -1.882441765898E+03                 , 8.440382003646E-14                  ) 
( 0.000000000000E+00                  , 0.000000000000E+00                  ) 
( 0.000000000000E+00                  , 0.000000000000E+00                  ) 
( 0.000000000000E+00                  , 0.000000000000E+00                  ) 
( 0.000000000000E+00                  , 0.000000000000E+00                  ) 
( 0.000000000000E+00                  , 0.000000000000E+00                  ) 
( 0.000000000000E+00                  , 0.000000000000E+00                  ) 
( 0.000000000000E+00                  , 0.000000000000E+00                  ) 
( 5.717023819579E+03                  , 2.450337199723E-13                  ) 
( 0.000000000000E+00                  , 0.000000000000E+00                  ) 
( -1.882441765898E+03                 , -7.196484553711E-14                 ) 
( 0.000000000000E+00                  , 0.000000000000E+00                  ) 
( 6.395180040065E-14                  , 6.241309323806E+03                  ) 
( 0.000000000000E+00                  , 0.000000000000E+00                  ) 
( 1.339940489832E-13                  , 2.431743114721E+03                  ) 
( 0.000000000000E+00                  , 0.000000000000E+00                  ) 
( 0.000000000000E+00                  , 0.000000000000E+00                  ) 
( 0.000000000000E+00                  , 0.000000000000E+00                  ) 
( 0.000000000000E+00                  , 0.000000000000E+00                  ) 
( 0.000000000000E+00                  , 0.000000000000E+00                  ) 
( -4.074973118321E-14                 , -2.179779633409E+03                 ) 
( 0.000000000000E+00                  , 0.000000000000E+00                  ) 
( 0.000000000000E+00                  , 0.000000000000E+00                  ) 
( 0.000000000000E+00                  , 0.000000000000E+00                  ) 
( 5.288774307651E+03                  , -2.916942638509E-14                 ) 
( 0.000000000000E+00                  , 0.000000000000E+00                  ) 
( -4.761095295643E+03                 , -7.940689112070E-14                 ) 
( 0.000000000000E+00                  , 0.000000000000E+00                  ) 
( 1.705807007674E+03                  , -8.967732502732E-14                 ) 
( 0.000000000000E+00                  , 0.000000000000E+00                  ) 
( 0.000000000000E+00                  , 0.000000000000E+00                  ) 
( 0.000000000000E+00                  , 0.000000000000E+00                  ) 
( 0.000000000000E+00                  , 0.000000000000E+00                  ) 
( 0.000000000000E+00                  , 0.000000000000E+00                  ) 
( 0.000000000000E+00                  , 0.000000000000E+00                  ) 
( 0.000000000000E+00                  , 0.000000000000E+00                  ) 
( 0.000000000000E+00                  , 0.000000000000E+00                  ) 
( 0.000000000000E+00                  , 0.000000000000E+00                  ) 
( 0.000000000000E+00                  , 0.000000000000E+00                  ) 
( 0.000000000000E+00                  , 0.000000000000E+00                  ) 
( 4.761095295643E+03                  , 1.177037015779E-13                  ) 
( 0.000000000000E+00                  , 0.000000000000E+00                  ) 
( -1.705807007674E+03                 , -4.419743641064E-14                 ) 
( 0.000000000000E+00                  , 0.000000000000E+00                  ) 
( 0.000000000000E+00                  , 0.000000000000E+00                  ) 
( 0.000000000000E+00                  , 0.000000000000E+00                  ) 
( 4.428064630600E-14                  , 2.179779633409E+03                  ) 
( 0.000000000000E+00                  , 0.000000000000E+00                  ) 
( 0.000000000000E+00                  , 0.000000000000E+00                  ) 
( 0.000000000000E+00                  , 0.000000000000E+00                  ) 
( 5.098305747510E+03                  , -5.579365999805E-15                 ) 
( 0.000000000000E+00                  , 0.000000000000E+00                  ) 
( 3.256673072005E+03                  , 6.736538297219E-16                  ) 
( 0.000000000000E+00                  , 0.000000000000E+00                  ) 
( -1.027853588931E+03                 , 6.817521372693E-14                  ) 
( 0.000000000000E+00                  , 0.000000000000E+00                  ) 
( 0.000000000000E+00                  , 0.000000000000E+00                  ) 
( 0.000000000000E+00                  , 0.000000000000E+00                  ) 
( 1.320439709265E-14                  , -2.094728881873E+03                 ) 
( 0.000000000000E+00                  , 0.000000000000E+00                  ) 
( 0.000000000000E+00                  , 0.000000000000E+00                  ) 
( -2.804138700508E+03                 , 4.617387837561E-14                  ) 
( 0.000000000000E+00                  , 0.000000000000E+00                  ) 
( 2.320998718118E+03                  , -2.174758627078E-15                 ) 
( 0.000000000000E+00                  , 0.000000000000E+00                  ) 
( 0.000000000000E+00                  , 0.000000000000E+00                  ) 
( 0.000000000000E+00                  , 0.000000000000E+00                  ) 
( 0.000000000000E+00                  , 0.000000000000E+00                  ) 
( 0.000000000000E+00                  , 0.000000000000E+00                  ) 
( 0.000000000000E+00                  , 0.000000000000E+00                  ) 
( 0.000000000000E+00                  , 0.000000000000E+00                  ) 
( 0.000000000000E+00                  , 0.000000000000E+00                  ) 
( 2.320998718118E+03                  , 1.611390713603E-13                  ) 
( 0.000000000000E+00                  , 0.000000000000E+00                  ) 
( 0.000000000000E+00                  , 0.000000000000E+00                  ) 
( 0.000000000000E+00                  , 0.000000000000E+00                  ) 
( 0.000000000000E+00                  , 0.000000000000E+00                  ) 
( -5.223544973983E-15                 , -2.094728881873E+03                 ) 
( 0.000000000000E+00                  , 0.000000000000E+00                  ) 
( 0.000000000000E+00                  , 0.000000000000E+00                  ) 
( 0.000000000000E+00                  , 0.000000000000E+00                  ) 
( 0.000000000000E+00                  , 0.000000000000E+00                  ) 
( 0.000000000000E+00                  , 0.000000000000E+00                  ) 
( 2.186178317370E-14                  , 2.118513082273E+03                  ) 
( 0.000000000000E+00                  , 0.000000000000E+00                  ) 
( 0.000000000000E+00                  , 0.000000000000E+00                  ) 
( 0.000000000000E+00                  , 0.000000000000E+00                  ) 
( 0.000000000000E+00                  , 0.000000000000E+00                  ) 
( 0.000000000000E+00                  , 0.000000000000E+00                  ) 
( 0.000000000000E+00                  , 0.000000000000E+00                  ) 
( 0.000000000000E+00                  , 0.000000000000E+00                  ) 
( 0.000000000000E+00                  , 0.000000000000E+00                  ) 
( 0.000000000000E+00                  , 0.000000000000E+00                  ) 
( 0.000000000000E+00                  , 0.000000000000E+00                  ) 
( 0.000000000000E+00                  , 0.000000000000E+00                  ) 
( 0.000000000000E+00                  , 0.000000000000E+00                  ) 
( 0.000000000000E+00                  , 0.000000000000E+00                  ) 
( 0.000000000000E+00                  , 0.000000000000E+00                  ) 
( 0.000000000000E+00                  , 0.000000000000E+00                  ) 
( 0.000000000000E+00                  , 0.000000000000E+00                  ) 
( -3.970092976986E-14                 , -2.118513082273E+03                 ) 
( 0.000000000000E+00                  , 0.000000000000E+00                  ) 
( 0.000000000000E+00                  , 0.000000000000E+00                  ) 
( 0.000000000000E+00                  , 0.000000000000E+00                  ) 
( -1.570605325293E+03                 , 1.149775409526E-13                  ) 
( -1.255063229136E+03                 , 6.157176886553E-14                  ) 
( 0.000000000000E+00                  , 0.000000000000E+00                  ) 
( 0.000000000000E+00                  , 0.000000000000E+00                  ) 
( 0.000000000000E+00                  , 0.000000000000E+00                  ) 
( 0.000000000000E+00                  , 0.000000000000E+00                  ) 
( 0.000000000000E+00                  , 0.000000000000E+00                  ) 
( 0.000000000000E+00                  , 0.000000000000E+00                  ) 
( 0.000000000000E+00                  , 0.000000000000E+00                  ) 
( 0.000000000000E+00                  , 0.000000000000E+00                  ) 
( 0.000000000000E+00                  , 0.000000000000E+00                  ) 
( 0.000000000000E+00                  , 0.000000000000E+00                  ) 
( 0.000000000000E+00                  , 0.000000000000E+00                  ) 
( 0.000000000000E+00                  , 0.000000000000E+00                  ) 
( 0.000000000000E+00                  , 0.000000000000E+00                  ) 
( 0.000000000000E+00                  , 0.000000000000E+00                  ) 
( 0.000000000000E+00                  , 0.000000000000E+00                  ) 
( 0.000000000000E+00                  , 0.000000000000E+00                  ) 
( 0.000000000000E+00                  , 0.000000000000E+00                  ) 
( 0.000000000000E+00                  , 0.000000000000E+00                  ) 
( 0.000000000000E+00                  , 0.000000000000E+00                  ) 
( 0.000000000000E+00                  , 0.000000000000E+00                  ) 
( 0.000000000000E+00                  , 0.000000000000E+00                  ) 
( 0.000000000000E+00                  , 0.000000000000E+00                  ) 
( 0.000000000000E+00                  , 0.000000000000E+00                  ) 
( 0.000000000000E+00                  , 0.000000000000E+00                  ) 
( 0.000000000000E+00                  , 0.000000000000E+00                  ) 
( 0.000000000000E+00                  , 0.000000000000E+00                  ) 
( 0.000000000000E+00                  , 0.000000000000E+00                  ) 
( 0.000000000000E+00                  , 0.000000000000E+00                  ) 
( 0.000000000000E+00                  , 0.000000000000E+00                  ) 
( 0.000000000000E+00                  , 0.000000000000E+00                  ) 
( 0.000000000000E+00                  , 0.000000000000E+00                  ) 
( 0.000000000000E+00                  , 0.000000000000E+00                  ) 
( 0.000000000000E+00                  , 0.000000000000E+00                  ) 
( 0.000000000000E+00                  , 0.000000000000E+00                  ) 
( 0.000000000000E+00                  , 0.000000000000E+00                  ) 
( 0.000000000000E+00                  , 0.000000000000E+00                  ) 
( 0.000000000000E+00                  , 0.000000000000E+00                  ) 
( 0.000000000000E+00                  , 0.000000000000E+00                  ) 
( 0.000000000000E+00                  , 0.000000000000E+00                  ) 
( 0.000000000000E+00                  , 0.000000000000E+00                  ) 
( 0.000000000000E+00                  , 0.000000000000E+00                  ) 
( 0.000000000000E+00                  , 0.000000000000E+00                  ) 
( 0.000000000000E+00                  , 0.000000000000E+00                  ) 
( 0.000000000000E+00                  , 0.000000000000E+00                  ) 
( 0.000000000000E+00                  , 0.000000000000E+00                  ) 
( 0.000000000000E+00                  , 0.000000000000E+00                  ) 
( 0.000000000000E+00                  , 0.000000000000E+00                  ) 
( 0.000000000000E+00                  , 0.000000000000E+00                  ) 
( 0.000000000000E+00                  , 0.000000000000E+00                  ) 
( 0.000000000000E+00                  , 0.000000000000E+00                  ) 
( 0.000000000000E+00                  , 0.000000000000E+00                  ) 
( 0.000000000000E+00                  , 0.000000000000E+00                  ) 
( 0.000000000000E+00                  , 0.000000000000E+00                  ) 
( 0.000000000000E+00                  , 0.000000000000E+00                  ) 
( 0.000000000000E+00                  , 0.000000000000E+00                  ) 
( 0.000000000000E+00                  , 0.000000000000E+00                  ) 
( 0.000000000000E+00                  , 0.000000000000E+00                  ) 
( 0.000000000000E+00                  , 0.000000000000E+00                  ) 
( 0.000000000000E+00                  , 0.000000000000E+00                  ) 
( 0.000000000000E+00                  , 0.000000000000E+00                  ) 
( 0.000000000000E+00                  , 0.000000000000E+00                  ) 
( 0.000000000000E+00                  , 0.000000000000E+00                  ) 
( 0.000000000000E+00                  , 0.000000000000E+00                  ) 
( 1.415841250896E+03                  , -1.658185599809E-13                 ) 
( 0.000000000000E+00                  , 0.000000000000E+00                  ) 
( 0.000000000000E+00                  , 0.000000000000E+00                  ) 
( -1.119376992331E+03                 , 2.094260462495E-14                  ) 
( 0.000000000000E+00                  , 0.000000000000E+00                  ) 
( 0.000000000000E+00                  , 0.000000000000E+00                  ) 
( 0.000000000000E+00                  , 0.000000000000E+00                  ) 
( 0.000000000000E+00                  , 0.000000000000E+00                  ) 
( 0.000000000000E+00                  , 0.000000000000E+00                  ) 
( 0.000000000000E+00                  , 0.000000000000E+00                  ) 
( 0.000000000000E+00                  , 0.000000000000E+00                  ) 
( 0.000000000000E+00                  , 0.000000000000E+00                  ) 
( 0.000000000000E+00                  , 0.000000000000E+00                  ) 
( 0.000000000000E+00                  , 0.000000000000E+00                  ) 
( 0.000000000000E+00                  , 0.000000000000E+00                  ) 
( 0.000000000000E+00                  , 0.000000000000E+00                  ) 
( 0.000000000000E+00                  , 0.000000000000E+00                  ) 
( 0.000000000000E+00                  , 0.000000000000E+00                  ) 
( 0.000000000000E+00                  , 0.000000000000E+00                  ) 
( 0.000000000000E+00                  , 0.000000000000E+00                  ) 
( 0.000000000000E+00                  , 0.000000000000E+00                  ) 
( 0.000000000000E+00                  , 0.000000000000E+00                  ) 
( 0.000000000000E+00                  , 0.000000000000E+00                  ) 
( 0.000000000000E+00                  , 0.000000000000E+00                  ) 
( 0.000000000000E+00                  , 0.000000000000E+00                  ) 
( 0.000000000000E+00                  , 0.000000000000E+00                  ) 
( 0.000000000000E+00                  , 0.000000000000E+00                  ) 
( 0.000000000000E+00                  , 0.000000000000E+00                  ) 
( 0.000000000000E+00                  , 0.000000000000E+00                  ) 
( 0.000000000000E+00                  , 0.000000000000E+00                  ) 
( 0.000000000000E+00                  , 0.000000000000E+00                  ) 
( 0.000000000000E+00                  , 0.000000000000E+00                  ) 
( 0.000000000000E+00                  , 0.000000000000E+00                  ) 
( 0.000000000000E+00                  , 0.000000000000E+00                  ) 
( 0.000000000000E+00                  , 0.000000000000E+00                  ) 
( 0.000000000000E+00                  , 0.000000000000E+00                  ) 
( 0.000000000000E+00                  , 0.000000000000E+00                  ) 
( 0.000000000000E+00                  , 0.000000000000E+00                  ) 
( 0.000000000000E+00                  , 0.000000000000E+00                  ) 
( 0.000000000000E+00                  , 0.000000000000E+00                  ) 
( 0.000000000000E+00                  , 0.000000000000E+00                  ) 
( 0.000000000000E+00                  , 0.000000000000E+00                  ) 
( 0.000000000000E+00                  , 0.000000000000E+00                  ) 
( 0.000000000000E+00                  , 0.000000000000E+00                  ) 
( 0.000000000000E+00                  , 0.000000000000E+00                  ) 
( -1.255063229136E+03                 , -6.619075173433E-14                 ) 
( 0.000000000000E+00                  , 0.000000000000E+00                  ) 
( 0.000000000000E+00                  , 0.000000000000E+00                  ) 
( 0.000000000000E+00                  , 0.000000000000E+00                  ) 
( 0.000000000000E+00                  , 0.000000000000E+00                  ) 
( 0.000000000000E+00                  , 0.000000000000E+00                  ) 
( 0.000000000000E+00                  , 0.000000000000E+00                  ) 
( 0.000000000000E+00                  , 0.000000000000E+00                  ) 
( 0.000000000000E+00                  , 0.000000000000E+00                  ) 
( 0.000000000000E+00                  , 0.000000000000E+00                  ) 
( 0.000000000000E+00                  , 0.000000000000E+00                  ) 
( 0.000000000000E+00                  , 0.000000000000E+00                  ) 
( 0.000000000000E+00                  , 0.000000000000E+00                  ) 
( 0.000000000000E+00                  , 0.000000000000E+00                  ) 
( 0.000000000000E+00                  , 0.000000000000E+00                  ) 
( 0.000000000000E+00                  , 0.000000000000E+00                  ) 
( 0.000000000000E+00                  , 0.000000000000E+00                  ) 
( 0.000000000000E+00                  , 0.000000000000E+00                  ) 
( 0.000000000000E+00                  , 0.000000000000E+00                  ) 
( 0.000000000000E+00                  , 0.000000000000E+00                  ) 
( 0.000000000000E+00                  , 0.000000000000E+00                  ) 
( 0.000000000000E+00                  , 0.000000000000E+00                  ) 
( 0.000000000000E+00                  , 0.000000000000E+00                  ) 
( 0.000000000000E+00                  , 0.000000000000E+00                  ) 
( 0.000000000000E+00                  , 0.000000000000E+00                  ) 
( 0.000000000000E+00                  , 0.000000000000E+00                  ) 
( 0.000000000000E+00                  , 0.000000000000E+00                  ) 
( 0.000000000000E+00                  , 0.000000000000E+00                  ) 
( -1.155623356127E-14                 , 2.118513082273E+03                  ) 
( 0.000000000000E+00                  , 0.000000000000E+00                  ) 
( 0.000000000000E+00                  , 0.000000000000E+00                  ) 
( 0.000000000000E+00                  , 0.000000000000E+00                  ) 
( 0.000000000000E+00                  , 0.000000000000E+00                  ) 
( 0.000000000000E+00                  , 0.000000000000E+00                  ) 
( 0.000000000000E+00                  , 0.000000000000E+00                  ) 
( 0.000000000000E+00                  , 0.000000000000E+00                  ) 
( 0.000000000000E+00                  , 0.000000000000E+00                  ) 
( 0.000000000000E+00                  , 0.000000000000E+00                  ) 
( 0.000000000000E+00                  , 0.000000000000E+00                  ) 
( 0.000000000000E+00                  , 0.000000000000E+00                  ) 
( 0.000000000000E+00                  , 0.000000000000E+00                  ) 
( 0.000000000000E+00                  , 0.000000000000E+00                  ) 
( 0.000000000000E+00                  , 0.000000000000E+00                  ) 
( 0.000000000000E+00                  , 0.000000000000E+00                  ) 
( 0.000000000000E+00                  , 0.000000000000E+00                  ) 
( 7.431701916854E-15                  , -2.118513082273E+03                 ) 
( 0.000000000000E+00                  , 0.000000000000E+00                  ) 
( 0.000000000000E+00                  , 0.000000000000E+00                  ) 
( 0.000000000000E+00                  , 0.000000000000E+00                  ) 
( 0.000000000000E+00                  , 0.000000000000E+00                  ) 
( 3.256673072005E+03                  , -2.210820828384E-14                 ) 
( 0.000000000000E+00                  , 0.000000000000E+00                  ) 
( -1.027853588931E+03                 , 2.132919659984E-14                  ) 
( 0.000000000000E+00                  , 0.000000000000E+00                  ) 
( 0.000000000000E+00                  , 0.000000000000E+00                  ) 
( 0.000000000000E+00                  , 0.000000000000E+00                  ) 
( 3.070310087295E-14                  , -2.094728881873E+03                 ) 
( 0.000000000000E+00                  , 0.000000000000E+00                  ) 
( 0.000000000000E+00                  , 0.000000000000E+00                  ) 
( -2.804138700508E+03                 , -3.290636419000E-14                 ) 
( 0.000000000000E+00                  , 0.000000000000E+00                  ) 
( 2.320998718118E+03                  , 1.027683898665E-13                  ) 
( 0.000000000000E+00                  , 0.000000000000E+00                  ) 
( 0.000000000000E+00                  , 0.000000000000E+00                  ) 
( 0.000000000000E+00                  , 0.000000000000E+00                  ) 
( 0.000000000000E+00                  , 0.000000000000E+00                  ) 
( 0.000000000000E+00                  , 0.000000000000E+00                  ) 
( 0.000000000000E+00                  , 0.000000000000E+00                  ) 
( 0.000000000000E+00                  , 0.000000000000E+00                  ) 
( 0.000000000000E+00                  , 0.000000000000E+00                  ) 
( 0.000000000000E+00                  , 0.000000000000E+00                  ) 
( 0.000000000000E+00                  , 0.000000000000E+00                  ) 
( 2.320998718118E+03                  , 1.107460668460E-13                  ) 
( 0.000000000000E+00                  , 0.000000000000E+00                  ) 
( 0.000000000000E+00                  , 0.000000000000E+00                  ) 
( 0.000000000000E+00                  , 0.000000000000E+00                  ) 
( 0.000000000000E+00                  , 0.000000000000E+00                  ) 
( 6.034655599998E-14                  , -2.094728881873E+03                 ) 
( 0.000000000000E+00                  , 0.000000000000E+00                  ) 
( 0.000000000000E+00                  , 0.000000000000E+00                  ) 
( 0.000000000000E+00                  , 0.000000000000E+00                  ) 
( 0.000000000000E+00                  , 0.000000000000E+00                  ) 
( 0.000000000000E+00                  , 0.000000000000E+00                  ) 
( 0.000000000000E+00                  , 0.000000000000E+00                  ) 
( 0.000000000000E+00                  , 0.000000000000E+00                  ) 
( 1.103884553084E-14                  , -2.179779633409E+03                 ) 
( 0.000000000000E+00                  , 0.000000000000E+00                  ) 
( 0.000000000000E+00                  , 0.000000000000E+00                  ) 
( 0.000000000000E+00                  , 0.000000000000E+00                  ) 
( 5.288774307651E+03                  , 2.053113261552E-14                  ) 
( 0.000000000000E+00                  , 0.000000000000E+00                  ) 
( -4.761095295643E+03                 , -3.671897660694E-14                 ) 
( 0.000000000000E+00                  , 0.000000000000E+00                  ) 
( 1.705807007674E+03                  , 2.384142353317E-14                  ) 
( 0.000000000000E+00                  , 0.000000000000E+00                  ) 
( 0.000000000000E+00                  , 0.000000000000E+00                  ) 
( 0.000000000000E+00                  , 0.000000000000E+00                  ) 
( 0.000000000000E+00                  , 0.000000000000E+00                  ) 
( 0.000000000000E+00                  , 0.000000000000E+00                  ) 
( 0.000000000000E+00                  , 0.000000000000E+00                  ) 
( 0.000000000000E+00                  , 0.000000000000E+00                  ) 
( 0.000000000000E+00                  , 0.000000000000E+00                  ) 
( 0.000000000000E+00                  , 0.000000000000E+00                  ) 
( 0.000000000000E+00                  , 0.000000000000E+00                  ) 
( 0.000000000000E+00                  , 0.000000000000E+00                  ) 
( 4.761095295643E+03                  , 1.865538766618E-13                  ) 
( 0.000000000000E+00                  , 0.000000000000E+00                  ) 
( -1.705807007674E+03                 , -6.369100511778E-14                 ) 
( 0.000000000000E+00                  , 0.000000000000E+00                  ) 
( 0.000000000000E+00                  , 0.000000000000E+00                  ) 
( 0.000000000000E+00                  , 0.000000000000E+00                  ) 
( -3.190168081171E-14                 , 2.179779633409E+03                  ) 
( 0.000000000000E+00                  , 0.000000000000E+00                  ) 
( 0.000000000000E+00                  , 0.000000000000E+00                  ) 
( 0.000000000000E+00                  , 0.000000000000E+00                  ) 
