( 1087092.654147274792                , 0.000000000000                      ) 
( 8898246742.487499237061             , -16167592908.256725311279           ) 
( 0.000000000000                      , 0.000000000000                      ) 
( 128574445.049722433090              , 205279678.309739410877              ) 
( 0.000000000000                      , 0.000000000000                      ) 
( 308303909.009946644306              , 587973116.095102071762              ) 
( 0.000000000000                      , 0.000000000000                      ) 
( -87375664.168364822865              , 183766599.072301596403              ) 
( -504435682.911288857460             , 291236793.310516059399              ) 
( 0.000000000000                      , 0.000000000000                      ) 
( -232861407.370252668858             , 121812216.942651003599              ) 
( 0.000000000000                      , 0.000000000000                      ) 
( 0.000000000000                      , 0.000000000000                      ) 
( 116410523.701810911298              , 770802749.218991756439              ) 
( 0.000000000000                      , 0.000000000000                      ) 
( -114155813.868443816900             , -160158058.778783917427             ) 
( 0.000000000000                      , 0.000000000000                      ) 
( -21265115.139202252030              , -102414434.816906407475             ) 
( 0.000000000000                      , 0.000000000000                      ) 
( 0.000000000000                      , 0.000000000000                      ) 
( 0.000000000000                      , 0.000000000000                      ) 
( 0.000000000000                      , 0.000000000000                      ) 
( 0.000000000000                      , 0.000000000000                      ) 
( 0.000000000000                      , 0.000000000000                      ) 
( 0.000000000000                      , 0.000000000000                      ) 
( 0.000000000000                      , 0.000000000000                      ) 
( 0.000000000000                      , 0.000000000000                      ) 
( 116410523.701810553670              , 770802749.218991637230              ) 
( 0.000000000000                      , 0.000000000000                      ) 
( -114155813.868443399668             , -160158058.778784036636             ) 
( 0.000000000000                      , 0.000000000000                      ) 
( -21265115.139202237129              , -102414434.816906422377             ) 
( -504435682.911289095879             , 291236793.310516059399              ) 
( 0.000000000000                      , 0.000000000000                      ) 
( -232861407.370252430439             , 121812216.942651018500              ) 
( 0.000000000000                      , 0.000000000000                      ) 
( 0.000000000000                      , 0.000000000000                      ) 
( -435999901.006480813026             , -90100501.755397617817              ) 
( 0.000000000000                      , 0.000000000000                      ) 
( 140557789.648293316364              , 224136629.662487745285              ) 
( 0.000000000000                      , 0.000000000000                      ) 
( -60790347.581492692232              , -45260252.115693524480              ) 
( 0.000000000000                      , 0.000000000000                      ) 
( 0.000000000000                      , 0.000000000000                      ) 
( -340198482.722931385040             , 196414256.433549165726              ) 
( 0.000000000000                      , 0.000000000000                      ) 
( -162745236.613575696945             , 85846606.302810043097               ) 
( 0.000000000000                      , 0.000000000000                      ) 
( 0.000000000000                      , 0.000000000000                      ) 
( 0.000000000000                      , 0.000000000000                      ) 
( 0.000000000000                      , 0.000000000000                      ) 
( -86539520.555222719908              , -516418347.010756373405             ) 
( 0.000000000000                      , 0.000000000000                      ) 
( 81482692.797389551997               , 134452508.888553470373              ) 
( 0.000000000000                      , 0.000000000000                      ) 
( 16143958.246615452692               , 67402644.820040076971               ) 
( 0.000000000000                      , 0.000000000000                      ) 
( 0.000000000000                      , 0.000000000000                      ) 
( 0.000000000000                      , 0.000000000000                      ) 
( 0.000000000000                      , 0.000000000000                      ) 
( 0.000000000000                      , 0.000000000000                      ) 
( 0.000000000000                      , 0.000000000000                      ) 
( 0.000000000000                      , 0.000000000000                      ) 
( 0.000000000000                      , 0.000000000000                      ) 
( -86539520.555222541094              , -516418347.010756254196             ) 
( 0.000000000000                      , 0.000000000000                      ) 
( 81482692.797389835119               , 134452508.888553440571              ) 
( 0.000000000000                      , 0.000000000000                      ) 
( 16143958.246615756303               , 67402644.820039942861               ) 
( 0.000000000000                      , 0.000000000000                      ) 
( 0.000000000000                      , 0.000000000000                      ) 
( -340198482.722931265831             , 196414256.433549255133              ) 
( 0.000000000000                      , 0.000000000000                      ) 
( -162745236.613575458527             , 85846606.302809938788               ) 
( 0.000000000000                      , 0.000000000000                      ) 
( 0.000000000000                      , 0.000000000000                      ) 
( 0.000000000000                      , 0.000000000000                      ) 
( 0.000000000000                      , 0.000000000000                      ) 
( -791937623.193044900894             , -159761392.559799253941             ) 
( 0.000000000000                      , 0.000000000000                      ) 
( 227841237.290180027485              , 360228630.855304300785              ) 
( 0.000000000000                      , 0.000000000000                      ) 
( -111793289.836941748857             , -88559035.775928422809              ) 
( 0.000000000000                      , 0.000000000000                      ) 
( 0.000000000000                      , 0.000000000000                      ) 
( 0.000000000000                      , 0.000000000000                      ) 
( 0.000000000000                      , 0.000000000000                      ) 
( 558487599.562035679817              , -322442758.483136415482             ) 
( 0.000000000000                      , 0.000000000000                      ) 
( 217837338.099838167429              , -109271710.285451665521             ) 
( 0.000000000000                      , 0.000000000000                      ) 
( 0.000000000000                      , 0.000000000000                      ) 
( 0.000000000000                      , 0.000000000000                      ) 
( 0.000000000000                      , 0.000000000000                      ) 
( 21480529.285423032939               , 110800866.626108378172              ) 
( 0.000000000000                      , 0.000000000000                      ) 
( 0.000000000000                      , 0.000000000000                      ) 
( 0.000000000000                      , 0.000000000000                      ) 
( 0.000000000000                      , 0.000000000000                      ) 
( 0.000000000000                      , 0.000000000000                      ) 
( 0.000000000000                      , 0.000000000000                      ) 
( 0.000000000000                      , 0.000000000000                      ) 
( 0.000000000000                      , 0.000000000000                      ) 
( 21480529.285422824323               , 110800866.626108497381              ) 
( 0.000000000000                      , 0.000000000000                      ) 
( 0.000000000000                      , 0.000000000000                      ) 
( 0.000000000000                      , 0.000000000000                      ) 
( 0.000000000000                      , 0.000000000000                      ) 
( 558487599.562035679817              , -322442758.483136653900             ) 
( 0.000000000000                      , 0.000000000000                      ) 
( 217837338.099838048220              , -109271710.285451591015             ) 
( 0.000000000000                      , 0.000000000000                      ) 
( 0.000000000000                      , 0.000000000000                      ) 
( 0.000000000000                      , 0.000000000000                      ) 
( 0.000000000000                      , 0.000000000000                      ) 
( 0.000000000000                      , 0.000000000000                      ) 
( 80496145.462273657322               , 32418843.295732811093               ) 
( 37738981.274025082588               , 76444824.273671567440               ) 
( 0.000000000000                      , 0.000000000000                      ) 
( 0.000000000000                      , 0.000000000000                      ) 
( 0.000000000000                      , 0.000000000000                      ) 
( 0.000000000000                      , 0.000000000000                      ) 
( 0.000000000000                      , 0.000000000000                      ) 
( 0.000000000000                      , 0.000000000000                      ) 
( 0.000000000000                      , 0.000000000000                      ) 
( 0.000000000000                      , 0.000000000000                      ) 
( 0.000000000000                      , 0.000000000000                      ) 
( 0.000000000000                      , 0.000000000000                      ) 
( 0.000000000000                      , 0.000000000000                      ) 
( 0.000000000000                      , 0.000000000000                      ) 
( 0.000000000000                      , 0.000000000000                      ) 
( 0.000000000000                      , 0.000000000000                      ) 
( 0.000000000000                      , 0.000000000000                      ) 
( 53952692.687235429883               , -49654668.878281891346              ) 
( 50034697.914561547339               , 73224949.187134608626               ) 
( 0.000000000000                      , 0.000000000000                      ) 
( 0.000000000000                      , 0.000000000000                      ) 
( 0.000000000000                      , 0.000000000000                      ) 
( 60483324.779527604580               , -36572087.943171888590              ) 
( 0.000000000000                      , 0.000000000000                      ) 
( 60483324.779527552426               , -36572087.943171963096              ) 
( 0.000000000000                      , 0.000000000000                      ) 
( 0.000000000000                      , 0.000000000000                      ) 
( 0.000000000000                      , 0.000000000000                      ) 
( 53952692.687235429883               , -49654668.878281906247              ) 
( 50034697.914561539888               , 73224949.187134608626               ) 
( 0.000000000000                      , 0.000000000000                      ) 
( 0.000000000000                      , 0.000000000000                      ) 
( 0.000000000000                      , 0.000000000000                      ) 
( 60483324.779527604580               , -36572087.943171903491              ) 
( 0.000000000000                      , 0.000000000000                      ) 
( 60483324.779527537525               , -36572087.943171977997              ) 
( 0.000000000000                      , 0.000000000000                      ) 
( 0.000000000000                      , 0.000000000000                      ) 
( 0.000000000000                      , 0.000000000000                      ) 
( 80496145.462273657322               , 32418843.295732814819               ) 
( 37738981.274025082588               , 76444824.273671567440               ) 
( 0.000000000000                      , 0.000000000000                      ) 
( 0.000000000000                      , 0.000000000000                      ) 
( 0.000000000000                      , 0.000000000000                      ) 
( 0.000000000000                      , 0.000000000000                      ) 
( 0.000000000000                      , 0.000000000000                      ) 
( 0.000000000000                      , 0.000000000000                      ) 
( 0.000000000000                      , 0.000000000000                      ) 
( 0.000000000000                      , 0.000000000000                      ) 
( 0.000000000000                      , 0.000000000000                      ) 
( 0.000000000000                      , 0.000000000000                      ) 
( 0.000000000000                      , 0.000000000000                      ) 
( 0.000000000000                      , 0.000000000000                      ) 
( 0.000000000000                      , 0.000000000000                      ) 
( 0.000000000000                      , 0.000000000000                      ) 
( -791937623.193044900894             , -159761392.559799283743             ) 
( 0.000000000000                      , 0.000000000000                      ) 
( 227841237.290179967880              , 360228630.855304241180              ) 
( 0.000000000000                      , 0.000000000000                      ) 
( -111793289.836941748857             , -88559035.775928407907              ) 
( 0.000000000000                      , 0.000000000000                      ) 
( 0.000000000000                      , 0.000000000000                      ) 
( 0.000000000000                      , 0.000000000000                      ) 
( 0.000000000000                      , 0.000000000000                      ) 
( 558487599.562035799026              , -322442758.483136415482             ) 
( 0.000000000000                      , 0.000000000000                      ) 
( 217837338.099838197231              , -109271710.285451650620             ) 
( 0.000000000000                      , 0.000000000000                      ) 
( 0.000000000000                      , 0.000000000000                      ) 
( 0.000000000000                      , 0.000000000000                      ) 
( 0.000000000000                      , 0.000000000000                      ) 
( 21480529.285423010588               , 110800866.626108378172              ) 
( 0.000000000000                      , 0.000000000000                      ) 
( 0.000000000000                      , 0.000000000000                      ) 
( 0.000000000000                      , 0.000000000000                      ) 
( 0.000000000000                      , 0.000000000000                      ) 
( 0.000000000000                      , 0.000000000000                      ) 
( 0.000000000000                      , 0.000000000000                      ) 
( 0.000000000000                      , 0.000000000000                      ) 
( 0.000000000000                      , 0.000000000000                      ) 
( 21480529.285422801971               , 110800866.626108497381              ) 
( 0.000000000000                      , 0.000000000000                      ) 
( 0.000000000000                      , 0.000000000000                      ) 
( 0.000000000000                      , 0.000000000000                      ) 
( 0.000000000000                      , 0.000000000000                      ) 
( 558487599.562035679817              , -322442758.483136594296             ) 
( 0.000000000000                      , 0.000000000000                      ) 
( 217837338.099838048220              , -109271710.285451591015             ) 
( 0.000000000000                      , 0.000000000000                      ) 
( 0.000000000000                      , 0.000000000000                      ) 
( 0.000000000000                      , 0.000000000000                      ) 
( 0.000000000000                      , 0.000000000000                      ) 
( -435999901.006480813026             , -90100501.755397617817              ) 
( 0.000000000000                      , 0.000000000000                      ) 
( 140557789.648293316364              , 224136629.662487775087              ) 
( 0.000000000000                      , 0.000000000000                      ) 
( -60790347.581492692232              , -45260252.115693524480              ) 
( 0.000000000000                      , 0.000000000000                      ) 
( 0.000000000000                      , 0.000000000000                      ) 
( -340198482.722931385040             , 196414256.433549165726              ) 
( 0.000000000000                      , 0.000000000000                      ) 
( -162745236.613575696945             , 85846606.302810043097               ) 
( 0.000000000000                      , 0.000000000000                      ) 
( 0.000000000000                      , 0.000000000000                      ) 
( 0.000000000000                      , 0.000000000000                      ) 
( 0.000000000000                      , 0.000000000000                      ) 
( -86539520.555222719908              , -516418347.010756373405             ) 
( 0.000000000000                      , 0.000000000000                      ) 
( 81482692.797389566898               , 134452508.888553470373              ) 
( 0.000000000000                      , 0.000000000000                      ) 
( 16143958.246615463868               , 67402644.820040076971               ) 
( 0.000000000000                      , 0.000000000000                      ) 
( 0.000000000000                      , 0.000000000000                      ) 
( 0.000000000000                      , 0.000000000000                      ) 
( 0.000000000000                      , 0.000000000000                      ) 
( 0.000000000000                      , 0.000000000000                      ) 
( 0.000000000000                      , 0.000000000000                      ) 
( 0.000000000000                      , 0.000000000000                      ) 
( 0.000000000000                      , 0.000000000000                      ) 
( -86539520.555222555995              , -516418347.010756373405             ) 
( 0.000000000000                      , 0.000000000000                      ) 
( 81482692.797389835119               , 134452508.888553470373              ) 
( 0.000000000000                      , 0.000000000000                      ) 
( 16143958.246615756303               , 67402644.820039942861               ) 
( 0.000000000000                      , 0.000000000000                      ) 
( 0.000000000000                      , 0.000000000000                      ) 
( -340198482.722931265831             , 196414256.433549284935              ) 
( 0.000000000000                      , 0.000000000000                      ) 
( -162745236.613575458527             , 85846606.302809953690               ) 
( 0.000000000000                      , 0.000000000000                      ) 
( 0.000000000000                      , 0.000000000000                      ) 
( 0.000000000000                      , 0.000000000000                      ) 
( 0.000000000000                      , 0.000000000000                      ) 
( -422933024.426152706146             , -132549996.478206649423             ) 
( 0.000000000000                      , 0.000000000000                      ) 
( 81321993.584609270096               , 107313341.551498338580              ) 
( 0.000000000000                      , 0.000000000000                      ) 
( -52362106.131266273558              , -45292945.551576554775              ) 
( -394294849.550317168236             , 227645530.443920075893              ) 
( 0.000000000000                      , 0.000000000000                      ) 
( -202076953.528204500675             , 113445945.160385400057              ) 
( 0.000000000000                      , 0.000000000000                      ) 
( 0.000000000000                      , 0.000000000000                      ) 
( 101897189.413082987070              , 590252536.599009156227              ) 
( 0.000000000000                      , 0.000000000000                      ) 
( -95301547.607915103436              , -148201790.421071827412             ) 
( 0.000000000000                      , 0.000000000000                      ) 
( 62530454.299426011741               , -36100620.800176650286              ) 
( 0.000000000000                      , 0.000000000000                      ) 
( 0.000000000000                      , 0.000000000000                      ) 
( 0.000000000000                      , 0.000000000000                      ) 
( 62530454.299425922334               , -36100620.800176694989              ) 
( 0.000000000000                      , 0.000000000000                      ) 
( 101897189.413083136082              , 590252536.599009275436              ) 
( 0.000000000000                      , 0.000000000000                      ) 
( -95301547.607915252447              , -148201790.421071648598             ) 
( 0.000000000000                      , 0.000000000000                      ) 
( -394294849.550317347050             , 227645530.443920195103              ) 
( 0.000000000000                      , 0.000000000000                      ) 
( -202076953.528204441071             , 113445945.160385534167              ) 
( 0.000000000000                      , 0.000000000000                      ) 
( 0.000000000000                      , 0.000000000000                      ) 
( 0.000000000000                      , 0.000000000000                      ) 
( 0.000000000000                      , 0.000000000000                      ) 
( 0.000000000000                      , 0.000000000000                      ) 
( -156146150.962931215763             , 90150681.506508201361               ) 
( 0.000000000000                      , 0.000000000000                      ) 
( -69541009.978283241391              , 33637135.131178587675               ) 
( 0.000000000000                      , 0.000000000000                      ) 
( 0.000000000000                      , 0.000000000000                      ) 
( 0.000000000000                      , 0.000000000000                      ) 
( 79590709.239473730326               , 499801693.088989615440              ) 
( 0.000000000000                      , 0.000000000000                      ) 
( -80027624.915531039238              , -126882531.080318361521             ) 
( 0.000000000000                      , 0.000000000000                      ) 
( 0.000000000000                      , 0.000000000000                      ) 
( 0.000000000000                      , 0.000000000000                      ) 
( 0.000000000000                      , 0.000000000000                      ) 
( 0.000000000000                      , 0.000000000000                      ) 
( 0.000000000000                      , 0.000000000000                      ) 
( 0.000000000000                      , 0.000000000000                      ) 
( 0.000000000000                      , 0.000000000000                      ) 
( 0.000000000000                      , 0.000000000000                      ) 
( 0.000000000000                      , 0.000000000000                      ) 
( 0.000000000000                      , 0.000000000000                      ) 
( -79590709.239474073052              , -499801693.088989555836             ) 
( 0.000000000000                      , 0.000000000000                      ) 
( 80027624.915531247854               , 126882531.080318123102              ) 
( 0.000000000000                      , 0.000000000000                      ) 
( 0.000000000000                      , 0.000000000000                      ) 
( 0.000000000000                      , 0.000000000000                      ) 
( 156146150.962931036949              , -90150681.506508350372              ) 
( 0.000000000000                      , 0.000000000000                      ) 
( 69541009.978283256292               , -33637135.131178736687              ) 
( 0.000000000000                      , 0.000000000000                      ) 
( 0.000000000000                      , 0.000000000000                      ) 
( 0.000000000000                      , 0.000000000000                      ) 
( 216064389.642773449421              , 32132996.488846339285               ) 
( 0.000000000000                      , 0.000000000000                      ) 
( -56875533.066470824182              , -91684487.204959332943              ) 
( 0.000000000000                      , 0.000000000000                      ) 
( 0.000000000000                      , 0.000000000000                      ) 
( 0.000000000000                      , 0.000000000000                      ) 
( 155464162.381066858768              , -89756996.677620440722              ) 
( 0.000000000000                      , 0.000000000000                      ) 
( 0.000000000000                      , 0.000000000000                      ) 
( 0.000000000000                      , 0.000000000000                      ) 
( 0.000000000000                      , 0.000000000000                      ) 
( 38241848.992870524526               , 255802143.426142036915              ) 
( 0.000000000000                      , 0.000000000000                      ) 
( -37403868.084007531404              , -58791867.810766041279              ) 
( 0.000000000000                      , 0.000000000000                      ) 
( 0.000000000000                      , 0.000000000000                      ) 
( 0.000000000000                      , 0.000000000000                      ) 
( 0.000000000000                      , 0.000000000000                      ) 
( 0.000000000000                      , 0.000000000000                      ) 
( 0.000000000000                      , 0.000000000000                      ) 
( 38241848.992870710790               , 255802143.426141887903              ) 
( 0.000000000000                      , 0.000000000000                      ) 
( -37403868.084007576108              , -58791867.810766190290              ) 
( 0.000000000000                      , 0.000000000000                      ) 
( 0.000000000000                      , 0.000000000000                      ) 
( 155464162.381066799164              , -89756996.677620559931              ) 
( 0.000000000000                      , 0.000000000000                      ) 
( 0.000000000000                      , 0.000000000000                      ) 
( 0.000000000000                      , 0.000000000000                      ) 
( 0.000000000000                      , 0.000000000000                      ) 
( 0.000000000000                      , 0.000000000000                      ) 
( 177122848.323149412870              , -102263122.373041674495             ) 
( 0.000000000000                      , 0.000000000000                      ) 
( 0.000000000000                      , 0.000000000000                      ) 
( 0.000000000000                      , 0.000000000000                      ) 
( 0.000000000000                      , 0.000000000000                      ) 
( 0.000000000000                      , 0.000000000000                      ) 
( 0.000000000000                      , 0.000000000000                      ) 
( 0.000000000000                      , 0.000000000000                      ) 
( 0.000000000000                      , 0.000000000000                      ) 
( 0.000000000000                      , 0.000000000000                      ) 
( 0.000000000000                      , 0.000000000000                      ) 
( 0.000000000000                      , 0.000000000000                      ) 
( 0.000000000000                      , 0.000000000000                      ) 
( 0.000000000000                      , 0.000000000000                      ) 
( 0.000000000000                      , 0.000000000000                      ) 
( 0.000000000000                      , 0.000000000000                      ) 
( 0.000000000000                      , 0.000000000000                      ) 
( -177122848.323149204254             , 102263122.373042136431              ) 
( 0.000000000000                      , 0.000000000000                      ) 
( 0.000000000000                      , 0.000000000000                      ) 
( 0.000000000000                      , 0.000000000000                      ) 
( 0.000000000000                      , 0.000000000000                      ) 
( 0.000000000000                      , 0.000000000000                      ) 
( 0.000000000000                      , 0.000000000000                      ) 
( 0.000000000000                      , 0.000000000000                      ) 
( 0.000000000000                      , 0.000000000000                      ) 
( 0.000000000000                      , 0.000000000000                      ) 
( 0.000000000000                      , 0.000000000000                      ) 
( 0.000000000000                      , 0.000000000000                      ) 
( 0.000000000000                      , 0.000000000000                      ) 
( 0.000000000000                      , 0.000000000000                      ) 
( 0.000000000000                      , 0.000000000000                      ) 
( 0.000000000000                      , 0.000000000000                      ) 
( 0.000000000000                      , 0.000000000000                      ) 
( 0.000000000000                      , 0.000000000000                      ) 
( 0.000000000000                      , 0.000000000000                      ) 
( 0.000000000000                      , 0.000000000000                      ) 
( 0.000000000000                      , 0.000000000000                      ) 
( 0.000000000000                      , 0.000000000000                      ) 
( 0.000000000000                      , 0.000000000000                      ) 
( 0.000000000000                      , 0.000000000000                      ) 
( 0.000000000000                      , 0.000000000000                      ) 
( 0.000000000000                      , 0.000000000000                      ) 
( 0.000000000000                      , 0.000000000000                      ) 
( 0.000000000000                      , 0.000000000000                      ) 
( 0.000000000000                      , 0.000000000000                      ) 
( 0.000000000000                      , 0.000000000000                      ) 
( 0.000000000000                      , 0.000000000000                      ) 
( 0.000000000000                      , 0.000000000000                      ) 
( 0.000000000000                      , 0.000000000000                      ) 
( 0.000000000000                      , 0.000000000000                      ) 
( 0.000000000000                      , 0.000000000000                      ) 
( 0.000000000000                      , 0.000000000000                      ) 
( 0.000000000000                      , 0.000000000000                      ) 
( -66200172.424225136638              , 38006897.938925288618               ) 
( 0.000000000000                      , 0.000000000000                      ) 
( 0.000000000000                      , 0.000000000000                      ) 
( 0.000000000000                      , 0.000000000000                      ) 
( 0.000000000000                      , 0.000000000000                      ) 
( 0.000000000000                      , 0.000000000000                      ) 
( 0.000000000000                      , 0.000000000000                      ) 
( 0.000000000000                      , 0.000000000000                      ) 
( 0.000000000000                      , 0.000000000000                      ) 
( 0.000000000000                      , 0.000000000000                      ) 
( 0.000000000000                      , 0.000000000000                      ) 
( 0.000000000000                      , 0.000000000000                      ) 
( 0.000000000000                      , 0.000000000000                      ) 
( 0.000000000000                      , 0.000000000000                      ) 
( 0.000000000000                      , 0.000000000000                      ) 
( 0.000000000000                      , 0.000000000000                      ) 
( 66200172.424225196242               , -38006897.938925325871              ) 
( 0.000000000000                      , 0.000000000000                      ) 
( 0.000000000000                      , 0.000000000000                      ) 
( 0.000000000000                      , 0.000000000000                      ) 
( 0.000000000000                      , 0.000000000000                      ) 
( 0.000000000000                      , 0.000000000000                      ) 
( 0.000000000000                      , 0.000000000000                      ) 
( 0.000000000000                      , 0.000000000000                      ) 
( 0.000000000000                      , 0.000000000000                      ) 
( 0.000000000000                      , 0.000000000000                      ) 
( 0.000000000000                      , 0.000000000000                      ) 
( 0.000000000000                      , 0.000000000000                      ) 
( 0.000000000000                      , 0.000000000000                      ) 
( 0.000000000000                      , 0.000000000000                      ) 
( 0.000000000000                      , 0.000000000000                      ) 
( 0.000000000000                      , 0.000000000000                      ) 
( 0.000000000000                      , 0.000000000000                      ) 
( 0.000000000000                      , 0.000000000000                      ) 
( 0.000000000000                      , 0.000000000000                      ) 
( 0.000000000000                      , 0.000000000000                      ) 
( 0.000000000000                      , 0.000000000000                      ) 
( 0.000000000000                      , 0.000000000000                      ) 
( 0.000000000000                      , 0.000000000000                      ) 
( 0.000000000000                      , 0.000000000000                      ) 
( 0.000000000000                      , 0.000000000000                      ) 
( 0.000000000000                      , 0.000000000000                      ) 
( 0.000000000000                      , 0.000000000000                      ) 
( 0.000000000000                      , 0.000000000000                      ) 
( 0.000000000000                      , 0.000000000000                      ) 
( 0.000000000000                      , 0.000000000000                      ) 
( 0.000000000000                      , 0.000000000000                      ) 
( 0.000000000000                      , 0.000000000000                      ) 
( 0.000000000000                      , 0.000000000000                      ) 
( 0.000000000000                      , 0.000000000000                      ) 
( 0.000000000000                      , 0.000000000000                      ) 
( 0.000000000000                      , 0.000000000000                      ) 
( 0.000000000000                      , 0.000000000000                      ) 
( 0.000000000000                      , 0.000000000000                      ) 
( 0.000000000000                      , 0.000000000000                      ) 
( 0.000000000000                      , 0.000000000000                      ) 
( 0.000000000000                      , 0.000000000000                      ) 
( -66200172.424225136638              , 38006897.938925288618               ) 
( 0.000000000000                      , 0.000000000000                      ) 
( 0.000000000000                      , 0.000000000000                      ) 
( 0.000000000000                      , 0.000000000000                      ) 
( 0.000000000000                      , 0.000000000000                      ) 
( 0.000000000000                      , 0.000000000000                      ) 
( 0.000000000000                      , 0.000000000000                      ) 
( 0.000000000000                      , 0.000000000000                      ) 
( 0.000000000000                      , 0.000000000000                      ) 
( 0.000000000000                      , 0.000000000000                      ) 
( 0.000000000000                      , 0.000000000000                      ) 
( 0.000000000000                      , 0.000000000000                      ) 
( 0.000000000000                      , 0.000000000000                      ) 
( 0.000000000000                      , 0.000000000000                      ) 
( 0.000000000000                      , 0.000000000000                      ) 
( 0.000000000000                      , 0.000000000000                      ) 
( 0.000000000000                      , 0.000000000000                      ) 
( 66200172.424225196242               , -38006897.938925325871              ) 
( 0.000000000000                      , 0.000000000000                      ) 
( 0.000000000000                      , 0.000000000000                      ) 
( 0.000000000000                      , 0.000000000000                      ) 
( 0.000000000000                      , 0.000000000000                      ) 
( 0.000000000000                      , 0.000000000000                      ) 
( 0.000000000000                      , 0.000000000000                      ) 
( 0.000000000000                      , 0.000000000000                      ) 
( 0.000000000000                      , 0.000000000000                      ) 
( 0.000000000000                      , 0.000000000000                      ) 
( 0.000000000000                      , 0.000000000000                      ) 
( 0.000000000000                      , 0.000000000000                      ) 
( 0.000000000000                      , 0.000000000000                      ) 
( 0.000000000000                      , 0.000000000000                      ) 
( 0.000000000000                      , 0.000000000000                      ) 
( 0.000000000000                      , 0.000000000000                      ) 
( 0.000000000000                      , 0.000000000000                      ) 
( 0.000000000000                      , 0.000000000000                      ) 
( 0.000000000000                      , 0.000000000000                      ) 
( 0.000000000000                      , 0.000000000000                      ) 
( 0.000000000000                      , 0.000000000000                      ) 
( 0.000000000000                      , 0.000000000000                      ) 
( 0.000000000000                      , 0.000000000000                      ) 
( 0.000000000000                      , 0.000000000000                      ) 
( 0.000000000000                      , 0.000000000000                      ) 
( 0.000000000000                      , 0.000000000000                      ) 
( 0.000000000000                      , 0.000000000000                      ) 
( 0.000000000000                      , 0.000000000000                      ) 
( 0.000000000000                      , 0.000000000000                      ) 
( 0.000000000000                      , 0.000000000000                      ) 
( 177122848.323149412870              , -102263122.373041674495             ) 
( 0.000000000000                      , 0.000000000000                      ) 
( 0.000000000000                      , 0.000000000000                      ) 
( 0.000000000000                      , 0.000000000000                      ) 
( 0.000000000000                      , 0.000000000000                      ) 
( 0.000000000000                      , 0.000000000000                      ) 
( 0.000000000000                      , 0.000000000000                      ) 
( 0.000000000000                      , 0.000000000000                      ) 
( 0.000000000000                      , 0.000000000000                      ) 
( 0.000000000000                      , 0.000000000000                      ) 
( 0.000000000000                      , 0.000000000000                      ) 
( 0.000000000000                      , 0.000000000000                      ) 
( 0.000000000000                      , 0.000000000000                      ) 
( 0.000000000000                      , 0.000000000000                      ) 
( 0.000000000000                      , 0.000000000000                      ) 
( 0.000000000000                      , 0.000000000000                      ) 
( 0.000000000000                      , 0.000000000000                      ) 
( -177122848.323149234056             , 102263122.373042136431              ) 
( 0.000000000000                      , 0.000000000000                      ) 
( 0.000000000000                      , 0.000000000000                      ) 
( 0.000000000000                      , 0.000000000000                      ) 
( 0.000000000000                      , 0.000000000000                      ) 
( 216064389.642773479223              , 32132996.488846343011               ) 
( 0.000000000000                      , 0.000000000000                      ) 
( -56875533.066470831633              , -91684487.204959332943              ) 
( 0.000000000000                      , 0.000000000000                      ) 
( 0.000000000000                      , 0.000000000000                      ) 
( 0.000000000000                      , 0.000000000000                      ) 
( 155464162.381066918373              , -89756996.677620440722              ) 
( 0.000000000000                      , 0.000000000000                      ) 
( 0.000000000000                      , 0.000000000000                      ) 
( 0.000000000000                      , 0.000000000000                      ) 
( 0.000000000000                      , 0.000000000000                      ) 
( 38241848.992870531976               , 255802143.426142036915              ) 
( 0.000000000000                      , 0.000000000000                      ) 
( -37403868.084007546306              , -58791867.810766041279              ) 
( 0.000000000000                      , 0.000000000000                      ) 
( 0.000000000000                      , 0.000000000000                      ) 
( 0.000000000000                      , 0.000000000000                      ) 
( 0.000000000000                      , 0.000000000000                      ) 
( 0.000000000000                      , 0.000000000000                      ) 
( 0.000000000000                      , 0.000000000000                      ) 
( 0.000000000000                      , 0.000000000000                      ) 
( 38241848.992870710790               , 255802143.426141917706              ) 
( 0.000000000000                      , 0.000000000000                      ) 
( -37403868.084007583559              , -58791867.810766190290              ) 
( 0.000000000000                      , 0.000000000000                      ) 
( 0.000000000000                      , 0.000000000000                      ) 
( 155464162.381066799164              , -89756996.677620559931              ) 
( 0.000000000000                      , 0.000000000000                      ) 
( 0.000000000000                      , 0.000000000000                      ) 
( 0.000000000000                      , 0.000000000000                      ) 
( 0.000000000000                      , 0.000000000000                      ) 
( 0.000000000000                      , 0.000000000000                      ) 
( 0.000000000000                      , 0.000000000000                      ) 
( 0.000000000000                      , 0.000000000000                      ) 
( -156146150.962931215763             , 90150681.506508216262               ) 
( 0.000000000000                      , 0.000000000000                      ) 
( -69541009.978283256292              , 33637135.131178595126               ) 
( 0.000000000000                      , 0.000000000000                      ) 
( 0.000000000000                      , 0.000000000000                      ) 
( 0.000000000000                      , 0.000000000000                      ) 
( 79590709.239473730326               , 499801693.088989615440              ) 
( 0.000000000000                      , 0.000000000000                      ) 
( -80027624.915531039238              , -126882531.080318361521             ) 
( 0.000000000000                      , 0.000000000000                      ) 
( 0.000000000000                      , 0.000000000000                      ) 
( 0.000000000000                      , 0.000000000000                      ) 
( 0.000000000000                      , 0.000000000000                      ) 
( 0.000000000000                      , 0.000000000000                      ) 
( 0.000000000000                      , 0.000000000000                      ) 
( 0.000000000000                      , 0.000000000000                      ) 
( 0.000000000000                      , 0.000000000000                      ) 
( 0.000000000000                      , 0.000000000000                      ) 
( 0.000000000000                      , 0.000000000000                      ) 
( 0.000000000000                      , 0.000000000000                      ) 
( -79590709.239474058151              , -499801693.088989555836             ) 
( 0.000000000000                      , 0.000000000000                      ) 
( 80027624.915531247854               , 126882531.080318123102              ) 
( 0.000000000000                      , 0.000000000000                      ) 
( 0.000000000000                      , 0.000000000000                      ) 
( 0.000000000000                      , 0.000000000000                      ) 
( 156146150.962931066751              , -90150681.506508350372              ) 
( 0.000000000000                      , 0.000000000000                      ) 
( 69541009.978283256292               , -33637135.131178736687              ) 
( 0.000000000000                      , 0.000000000000                      ) 
( 0.000000000000                      , 0.000000000000                      ) 
( 0.000000000000                      , 0.000000000000                      ) 
( 0.000000000000                      , 0.000000000000                      ) 
( 0.000000000000                      , 0.000000000000                      ) 
( 0.000000000000                      , 0.000000000000                      ) 
( 0.000000000000                      , 0.000000000000                      ) 
( 0.000000000000                      , 0.000000000000                      ) 
( -5661266.185371224768               , -74066659.129830822349              ) 
( 0.000000000000                      , 0.000000000000                      ) 
( -5661266.185371110216               , -74066659.129830807447              ) 
( 0.000000000000                      , 0.000000000000                      ) 
( 0.000000000000                      , 0.000000000000                      ) 
( 0.000000000000                      , 0.000000000000                      ) 
( 0.000000000000                      , 0.000000000000                      ) 
( 0.000000000000                      , 0.000000000000                      ) 
( 0.000000000000                      , 0.000000000000                      ) 
( 0.000000000000                      , 0.000000000000                      ) 
( 0.000000000000                      , 0.000000000000                      ) 
( 0.000000000000                      , 0.000000000000                      ) 
( 0.000000000000                      , 0.000000000000                      ) 
( 0.000000000000                      , 0.000000000000                      ) 
( 0.000000000000                      , 0.000000000000                      ) 
( 0.000000000000                      , 0.000000000000                      ) 
( 0.000000000000                      , 0.000000000000                      ) 
( 0.000000000000                      , 0.000000000000                      ) 
( 0.000000000000                      , 0.000000000000                      ) 
( 0.000000000000                      , 0.000000000000                      ) 
( 0.000000000000                      , 0.000000000000                      ) 
( 0.000000000000                      , 0.000000000000                      ) 
( 0.000000000000                      , 0.000000000000                      ) 
( 0.000000000000                      , 0.000000000000                      ) 
( 0.000000000000                      , 0.000000000000                      ) 
( 0.000000000000                      , 0.000000000000                      ) 
( 0.000000000000                      , 0.000000000000                      ) 
( 0.000000000000                      , 0.000000000000                      ) 
( 0.000000000000                      , 0.000000000000                      ) 
( 0.000000000000                      , 0.000000000000                      ) 
( 0.000000000000                      , 0.000000000000                      ) 
( 0.000000000000                      , 0.000000000000                      ) 
( 0.000000000000                      , 0.000000000000                      ) 
( 0.000000000000                      , 0.000000000000                      ) 
( 0.000000000000                      , 0.000000000000                      ) 
( 0.000000000000                      , 0.000000000000                      ) 
( 0.000000000000                      , 0.000000000000                      ) 
( 0.000000000000                      , 0.000000000000                      ) 
( 0.000000000000                      , 0.000000000000                      ) 
( 0.000000000000                      , 0.000000000000                      ) 
( 0.000000000000                      , 0.000000000000                      ) 
( 0.000000000000                      , 0.000000000000                      ) 
( 0.000000000000                      , 0.000000000000                      ) 
( 0.000000000000                      , 0.000000000000                      ) 
( 0.000000000000                      , 0.000000000000                      ) 
( 0.000000000000                      , 0.000000000000                      ) 
( -5661266.185371225700               , -74066659.129830822349              ) 
( 0.000000000000                      , 0.000000000000                      ) 
( -5661266.185371110216               , -74066659.129830807447              ) 
( 0.000000000000                      , 0.000000000000                      ) 
( 0.000000000000                      , 0.000000000000                      ) 
( 0.000000000000                      , 0.000000000000                      ) 
( 0.000000000000                      , 0.000000000000                      ) 
( 0.000000000000                      , 0.000000000000                      ) 
( 0.000000000000                      , 0.000000000000                      ) 
( 0.000000000000                      , 0.000000000000                      ) 
( 0.000000000000                      , 0.000000000000                      ) 
( 0.000000000000                      , 0.000000000000                      ) 
( 0.000000000000                      , 0.000000000000                      ) 
( 0.000000000000                      , 0.000000000000                      ) 
( 0.000000000000                      , 0.000000000000                      ) 
( 0.000000000000                      , 0.000000000000                      ) 
( 0.000000000000                      , 0.000000000000                      ) 
( 0.000000000000                      , 0.000000000000                      ) 
( 0.000000000000                      , 0.000000000000                      ) 
( 0.000000000000                      , 0.000000000000                      ) 
( 0.000000000000                      , 0.000000000000                      ) 
( 0.000000000000                      , 0.000000000000                      ) 
( 0.000000000000                      , 0.000000000000                      ) 
( 0.000000000000                      , 0.000000000000                      ) 
( 0.000000000000                      , 0.000000000000                      ) 
( 0.000000000000                      , 0.000000000000                      ) 
( 0.000000000000                      , 0.000000000000                      ) 
( 0.000000000000                      , 0.000000000000                      ) 
( 0.000000000000                      , 0.000000000000                      ) 
( 0.000000000000                      , 0.000000000000                      ) 
( 0.000000000000                      , 0.000000000000                      ) 
( 0.000000000000                      , 0.000000000000                      ) 
( 0.000000000000                      , 0.000000000000                      ) 
( 0.000000000000                      , 0.000000000000                      ) 
( 0.000000000000                      , 0.000000000000                      ) 
( 0.000000000000                      , 0.000000000000                      ) 
( 0.000000000000                      , 0.000000000000                      ) 
( 0.000000000000                      , 0.000000000000                      ) 
( 0.000000000000                      , 0.000000000000                      ) 
( 0.000000000000                      , 0.000000000000                      ) 
( 0.000000000000                      , 0.000000000000                      ) 
( -422933024.426152706146             , -132549996.478206649423             ) 
( 0.000000000000                      , 0.000000000000                      ) 
( 81321993.584609270096               , 107313341.551498338580              ) 
( 0.000000000000                      , 0.000000000000                      ) 
( -52362106.131266273558              , -45292945.551576554775              ) 
( -394294849.550317168236             , 227645530.443920075893              ) 
( 0.000000000000                      , 0.000000000000                      ) 
( -202076953.528204500675             , 113445945.160385400057              ) 
( 0.000000000000                      , 0.000000000000                      ) 
( 0.000000000000                      , 0.000000000000                      ) 
( 101897189.413082987070              , 590252536.599009156227              ) 
( 0.000000000000                      , 0.000000000000                      ) 
( -95301547.607915103436              , -148201790.421071857214             ) 
( 0.000000000000                      , 0.000000000000                      ) 
( 62530454.299426011741               , -36100620.800176650286              ) 
( 0.000000000000                      , 0.000000000000                      ) 
( 0.000000000000                      , 0.000000000000                      ) 
( 0.000000000000                      , 0.000000000000                      ) 
( 62530454.299425914884               , -36100620.800176694989              ) 
( 0.000000000000                      , 0.000000000000                      ) 
( 101897189.413083136082              , 590252536.599009275436              ) 
( 0.000000000000                      , 0.000000000000                      ) 
( -95301547.607915252447              , -148201790.421071648598             ) 
( 0.000000000000                      , 0.000000000000                      ) 
( -394294849.550317347050             , 227645530.443920195103              ) 
( 0.000000000000                      , 0.000000000000                      ) 
( -202076953.528204441071             , 113445945.160385534167              ) 
( 0.000000000000                      , 0.000000000000                      ) 
( 0.000000000000                      , 0.000000000000                      ) 
( 0.000000000000                      , 0.000000000000                      ) 
( 0.000000000000                      , 0.000000000000                      ) 
( 0.000000000000                      , 0.000000000000                      ) 
( 156146150.962931215763              , -90150681.506508201361              ) 
( 0.000000000000                      , 0.000000000000                      ) 
( 69541009.978283256292               , -33637135.131178587675              ) 
( 0.000000000000                      , 0.000000000000                      ) 
( 0.000000000000                      , 0.000000000000                      ) 
( 0.000000000000                      , 0.000000000000                      ) 
( -79590709.239473745227              , -499801693.088989615440             ) 
( 0.000000000000                      , 0.000000000000                      ) 
( 80027624.915531054139               , 126882531.080318361521              ) 
( 0.000000000000                      , 0.000000000000                      ) 
( 0.000000000000                      , 0.000000000000                      ) 
( 0.000000000000                      , 0.000000000000                      ) 
( 0.000000000000                      , 0.000000000000                      ) 
( 0.000000000000                      , 0.000000000000                      ) 
( 0.000000000000                      , 0.000000000000                      ) 
( 0.000000000000                      , 0.000000000000                      ) 
( 0.000000000000                      , 0.000000000000                      ) 
( 0.000000000000                      , 0.000000000000                      ) 
( 0.000000000000                      , 0.000000000000                      ) 
( 0.000000000000                      , 0.000000000000                      ) 
( 79590709.239474087954               , 499801693.088989555836              ) 
( 0.000000000000                      , 0.000000000000                      ) 
( -80027624.915531247854              , -126882531.080318123102             ) 
( 0.000000000000                      , 0.000000000000                      ) 
( 0.000000000000                      , 0.000000000000                      ) 
( 0.000000000000                      , 0.000000000000                      ) 
( -156146150.962931036949             , 90150681.506508350372               ) 
( 0.000000000000                      , 0.000000000000                      ) 
( -69541009.978283256292              , 33637135.131178729236               ) 
( 0.000000000000                      , 0.000000000000                      ) 
( 0.000000000000                      , 0.000000000000                      ) 
( 0.000000000000                      , 0.000000000000                      ) 
( 216064389.642773479223              , 32132996.488846339285               ) 
( 0.000000000000                      , 0.000000000000                      ) 
( -56875533.066470831633              , -91684487.204959332943              ) 
( 0.000000000000                      , 0.000000000000                      ) 
( 0.000000000000                      , 0.000000000000                      ) 
( 0.000000000000                      , 0.000000000000                      ) 
( 155464162.381066858768              , -89756996.677620440722              ) 
( 0.000000000000                      , 0.000000000000                      ) 
( 0.000000000000                      , 0.000000000000                      ) 
( 0.000000000000                      , 0.000000000000                      ) 
( 0.000000000000                      , 0.000000000000                      ) 
( 38241848.992870539427               , 255802143.426142036915              ) 
( 0.000000000000                      , 0.000000000000                      ) 
( -37403868.084007546306              , -58791867.810766041279              ) 
( 0.000000000000                      , 0.000000000000                      ) 
( 0.000000000000                      , 0.000000000000                      ) 
( 0.000000000000                      , 0.000000000000                      ) 
( 0.000000000000                      , 0.000000000000                      ) 
( 0.000000000000                      , 0.000000000000                      ) 
( 0.000000000000                      , 0.000000000000                      ) 
( 38241848.992870703340               , 255802143.426141858101              ) 
( 0.000000000000                      , 0.000000000000                      ) 
( -37403868.084007576108              , -58791867.810766182840              ) 
( 0.000000000000                      , 0.000000000000                      ) 
( 0.000000000000                      , 0.000000000000                      ) 
( 155464162.381066799164              , -89756996.677620545030              ) 
( 0.000000000000                      , 0.000000000000                      ) 
( 0.000000000000                      , 0.000000000000                      ) 
( 0.000000000000                      , 0.000000000000                      ) 
( 0.000000000000                      , 0.000000000000                      ) 
( 0.000000000000                      , 0.000000000000                      ) 
( -177122848.323149412870             , 102263122.373041674495              ) 
( 0.000000000000                      , 0.000000000000                      ) 
( 0.000000000000                      , 0.000000000000                      ) 
( 0.000000000000                      , 0.000000000000                      ) 
( 0.000000000000                      , 0.000000000000                      ) 
( 0.000000000000                      , 0.000000000000                      ) 
( 0.000000000000                      , 0.000000000000                      ) 
( 0.000000000000                      , 0.000000000000                      ) 
( 0.000000000000                      , 0.000000000000                      ) 
( 0.000000000000                      , 0.000000000000                      ) 
( 0.000000000000                      , 0.000000000000                      ) 
( 0.000000000000                      , 0.000000000000                      ) 
( 0.000000000000                      , 0.000000000000                      ) 
( 0.000000000000                      , 0.000000000000                      ) 
( 0.000000000000                      , 0.000000000000                      ) 
( 0.000000000000                      , 0.000000000000                      ) 
( 0.000000000000                      , 0.000000000000                      ) 
( 177122848.323149204254              , -102263122.373042136431             ) 
( 0.000000000000                      , 0.000000000000                      ) 
( 0.000000000000                      , 0.000000000000                      ) 
( 0.000000000000                      , 0.000000000000                      ) 
( 0.000000000000                      , 0.000000000000                      ) 
( 0.000000000000                      , 0.000000000000                      ) 
( 0.000000000000                      , 0.000000000000                      ) 
( 0.000000000000                      , 0.000000000000                      ) 
( 0.000000000000                      , 0.000000000000                      ) 
( 0.000000000000                      , 0.000000000000                      ) 
( 0.000000000000                      , 0.000000000000                      ) 
( 0.000000000000                      , 0.000000000000                      ) 
( 0.000000000000                      , 0.000000000000                      ) 
( 0.000000000000                      , 0.000000000000                      ) 
( 0.000000000000                      , 0.000000000000                      ) 
( 0.000000000000                      , 0.000000000000                      ) 
( 0.000000000000                      , 0.000000000000                      ) 
( 0.000000000000                      , 0.000000000000                      ) 
( 0.000000000000                      , 0.000000000000                      ) 
( 0.000000000000                      , 0.000000000000                      ) 
( 0.000000000000                      , 0.000000000000                      ) 
( 0.000000000000                      , 0.000000000000                      ) 
( 0.000000000000                      , 0.000000000000                      ) 
( 0.000000000000                      , 0.000000000000                      ) 
( 0.000000000000                      , 0.000000000000                      ) 
( 0.000000000000                      , 0.000000000000                      ) 
( 0.000000000000                      , 0.000000000000                      ) 
( 0.000000000000                      , 0.000000000000                      ) 
( 0.000000000000                      , 0.000000000000                      ) 
( 0.000000000000                      , 0.000000000000                      ) 
( 0.000000000000                      , 0.000000000000                      ) 
( 0.000000000000                      , 0.000000000000                      ) 
( 0.000000000000                      , 0.000000000000                      ) 
( 0.000000000000                      , 0.000000000000                      ) 
( 0.000000000000                      , 0.000000000000                      ) 
( 0.000000000000                      , 0.000000000000                      ) 
( 0.000000000000                      , 0.000000000000                      ) 
( 66200172.424225136638               , -38006897.938925296068              ) 
( 0.000000000000                      , 0.000000000000                      ) 
( 0.000000000000                      , 0.000000000000                      ) 
( 0.000000000000                      , 0.000000000000                      ) 
( 0.000000000000                      , 0.000000000000                      ) 
( 0.000000000000                      , 0.000000000000                      ) 
( 0.000000000000                      , 0.000000000000                      ) 
( 0.000000000000                      , 0.000000000000                      ) 
( 0.000000000000                      , 0.000000000000                      ) 
( 0.000000000000                      , 0.000000000000                      ) 
( 0.000000000000                      , 0.000000000000                      ) 
( 0.000000000000                      , 0.000000000000                      ) 
( 0.000000000000                      , 0.000000000000                      ) 
( 0.000000000000                      , 0.000000000000                      ) 
( 0.000000000000                      , 0.000000000000                      ) 
( 0.000000000000                      , 0.000000000000                      ) 
( 0.000000000000                      , 0.000000000000                      ) 
( -66200172.424225196242              , 38006897.938925325871               ) 
( 0.000000000000                      , 0.000000000000                      ) 
( 0.000000000000                      , 0.000000000000                      ) 
( 0.000000000000                      , 0.000000000000                      ) 
( 0.000000000000                      , 0.000000000000                      ) 
( 0.000000000000                      , 0.000000000000                      ) 
( 0.000000000000                      , 0.000000000000                      ) 
( 0.000000000000                      , 0.000000000000                      ) 
( 0.000000000000                      , 0.000000000000                      ) 
( 0.000000000000                      , 0.000000000000                      ) 
( 0.000000000000                      , 0.000000000000                      ) 
( 0.000000000000                      , 0.000000000000                      ) 
( 0.000000000000                      , 0.000000000000                      ) 
( 0.000000000000                      , 0.000000000000                      ) 
( 0.000000000000                      , 0.000000000000                      ) 
( 0.000000000000                      , 0.000000000000                      ) 
( 0.000000000000                      , 0.000000000000                      ) 
( 0.000000000000                      , 0.000000000000                      ) 
( 0.000000000000                      , 0.000000000000                      ) 
( 0.000000000000                      , 0.000000000000                      ) 
( 0.000000000000                      , 0.000000000000                      ) 
( 0.000000000000                      , 0.000000000000                      ) 
( 0.000000000000                      , 0.000000000000                      ) 
( 0.000000000000                      , 0.000000000000                      ) 
( 0.000000000000                      , 0.000000000000                      ) 
( 0.000000000000                      , 0.000000000000                      ) 
( 0.000000000000                      , 0.000000000000                      ) 
( 0.000000000000                      , 0.000000000000                      ) 
( 0.000000000000                      , 0.000000000000                      ) 
( 0.000000000000                      , 0.000000000000                      ) 
( 0.000000000000                      , 0.000000000000                      ) 
( 0.000000000000                      , 0.000000000000                      ) 
( 0.000000000000                      , 0.000000000000                      ) 
( 0.000000000000                      , 0.000000000000                      ) 
( 0.000000000000                      , 0.000000000000                      ) 
( 0.000000000000                      , 0.000000000000                      ) 
( 0.000000000000                      , 0.000000000000                      ) 
( 0.000000000000                      , 0.000000000000                      ) 
( 0.000000000000                      , 0.000000000000                      ) 
( 0.000000000000                      , 0.000000000000                      ) 
( 0.000000000000                      , 0.000000000000                      ) 
( 66200172.424225136638               , -38006897.938925296068              ) 
( 0.000000000000                      , 0.000000000000                      ) 
( 0.000000000000                      , 0.000000000000                      ) 
( 0.000000000000                      , 0.000000000000                      ) 
( 0.000000000000                      , 0.000000000000                      ) 
( 0.000000000000                      , 0.000000000000                      ) 
( 0.000000000000                      , 0.000000000000                      ) 
( 0.000000000000                      , 0.000000000000                      ) 
( 0.000000000000                      , 0.000000000000                      ) 
( 0.000000000000                      , 0.000000000000                      ) 
( 0.000000000000                      , 0.000000000000                      ) 
( 0.000000000000                      , 0.000000000000                      ) 
( 0.000000000000                      , 0.000000000000                      ) 
( 0.000000000000                      , 0.000000000000                      ) 
( 0.000000000000                      , 0.000000000000                      ) 
( 0.000000000000                      , 0.000000000000                      ) 
( 0.000000000000                      , 0.000000000000                      ) 
( -66200172.424225196242              , 38006897.938925325871               ) 
( 0.000000000000                      , 0.000000000000                      ) 
( 0.000000000000                      , 0.000000000000                      ) 
( 0.000000000000                      , 0.000000000000                      ) 
( 0.000000000000                      , 0.000000000000                      ) 
( 0.000000000000                      , 0.000000000000                      ) 
( 0.000000000000                      , 0.000000000000                      ) 
( 0.000000000000                      , 0.000000000000                      ) 
( 0.000000000000                      , 0.000000000000                      ) 
( 0.000000000000                      , 0.000000000000                      ) 
( 0.000000000000                      , 0.000000000000                      ) 
( 0.000000000000                      , 0.000000000000                      ) 
( 0.000000000000                      , 0.000000000000                      ) 
( 0.000000000000                      , 0.000000000000                      ) 
( 0.000000000000                      , 0.000000000000                      ) 
( 0.000000000000                      , 0.000000000000                      ) 
( 0.000000000000                      , 0.000000000000                      ) 
( 0.000000000000                      , 0.000000000000                      ) 
( 0.000000000000                      , 0.000000000000                      ) 
( 0.000000000000                      , 0.000000000000                      ) 
( 0.000000000000                      , 0.000000000000                      ) 
( 0.000000000000                      , 0.000000000000                      ) 
( 0.000000000000                      , 0.000000000000                      ) 
( 0.000000000000                      , 0.000000000000                      ) 
( 0.000000000000                      , 0.000000000000                      ) 
( 0.000000000000                      , 0.000000000000                      ) 
( 0.000000000000                      , 0.000000000000                      ) 
( 0.000000000000                      , 0.000000000000                      ) 
( 0.000000000000                      , 0.000000000000                      ) 
( 0.000000000000                      , 0.000000000000                      ) 
( -177122848.323149412870             , 102263122.373041674495              ) 
( 0.000000000000                      , 0.000000000000                      ) 
( 0.000000000000                      , 0.000000000000                      ) 
( 0.000000000000                      , 0.000000000000                      ) 
( 0.000000000000                      , 0.000000000000                      ) 
( 0.000000000000                      , 0.000000000000                      ) 
( 0.000000000000                      , 0.000000000000                      ) 
( 0.000000000000                      , 0.000000000000                      ) 
( 0.000000000000                      , 0.000000000000                      ) 
( 0.000000000000                      , 0.000000000000                      ) 
( 0.000000000000                      , 0.000000000000                      ) 
( 0.000000000000                      , 0.000000000000                      ) 
( 0.000000000000                      , 0.000000000000                      ) 
( 0.000000000000                      , 0.000000000000                      ) 
( 0.000000000000                      , 0.000000000000                      ) 
( 0.000000000000                      , 0.000000000000                      ) 
( 0.000000000000                      , 0.000000000000                      ) 
( 177122848.323149234056              , -102263122.373042151332             ) 
( 0.000000000000                      , 0.000000000000                      ) 
( 0.000000000000                      , 0.000000000000                      ) 
( 0.000000000000                      , 0.000000000000                      ) 
( 0.000000000000                      , 0.000000000000                      ) 
( 216064389.642773449421              , 32132996.488846339285               ) 
( 0.000000000000                      , 0.000000000000                      ) 
( -56875533.066470816731              , -91684487.204959332943              ) 
( 0.000000000000                      , 0.000000000000                      ) 
( 0.000000000000                      , 0.000000000000                      ) 
( 0.000000000000                      , 0.000000000000                      ) 
( 155464162.381066888571              , -89756996.677620470524              ) 
( 0.000000000000                      , 0.000000000000                      ) 
( 0.000000000000                      , 0.000000000000                      ) 
( 0.000000000000                      , 0.000000000000                      ) 
( 0.000000000000                      , 0.000000000000                      ) 
( 38241848.992870531976               , 255802143.426142066717              ) 
( 0.000000000000                      , 0.000000000000                      ) 
( -37403868.084007546306              , -58791867.810766048729              ) 
( 0.000000000000                      , 0.000000000000                      ) 
( 0.000000000000                      , 0.000000000000                      ) 
( 0.000000000000                      , 0.000000000000                      ) 
( 0.000000000000                      , 0.000000000000                      ) 
( 0.000000000000                      , 0.000000000000                      ) 
( 0.000000000000                      , 0.000000000000                      ) 
( 0.000000000000                      , 0.000000000000                      ) 
( 0.000000000000                      , 0.000000000000                      ) 
( 38241848.992870718241               , 255802143.426141887903              ) 
( 0.000000000000                      , 0.000000000000                      ) 
( -37403868.084007591009              , -58791867.810766190290              ) 
( 0.000000000000                      , 0.000000000000                      ) 
( 0.000000000000                      , 0.000000000000                      ) 
( 155464162.381066799164              , -89756996.677620559931              ) 
( 0.000000000000                      , 0.000000000000                      ) 
( 0.000000000000                      , 0.000000000000                      ) 
( 0.000000000000                      , 0.000000000000                      ) 
( 0.000000000000                      , 0.000000000000                      ) 
( 0.000000000000                      , 0.000000000000                      ) 
( 0.000000000000                      , 0.000000000000                      ) 
( 0.000000000000                      , 0.000000000000                      ) 
( 156146150.962931215763              , -90150681.506508216262              ) 
( 0.000000000000                      , 0.000000000000                      ) 
( 69541009.978283256292               , -33637135.131178602576              ) 
( 0.000000000000                      , 0.000000000000                      ) 
( 0.000000000000                      , 0.000000000000                      ) 
( 0.000000000000                      , 0.000000000000                      ) 
( -79590709.239473760128              , -499801693.088989615440             ) 
( 0.000000000000                      , 0.000000000000                      ) 
( 80027624.915531054139               , 126882531.080318361521              ) 
( 0.000000000000                      , 0.000000000000                      ) 
( 0.000000000000                      , 0.000000000000                      ) 
( 0.000000000000                      , 0.000000000000                      ) 
( 0.000000000000                      , 0.000000000000                      ) 
( 0.000000000000                      , 0.000000000000                      ) 
( 0.000000000000                      , 0.000000000000                      ) 
( 0.000000000000                      , 0.000000000000                      ) 
( 0.000000000000                      , 0.000000000000                      ) 
( 0.000000000000                      , 0.000000000000                      ) 
( 0.000000000000                      , 0.000000000000                      ) 
( 0.000000000000                      , 0.000000000000                      ) 
( 79590709.239474073052               , 499801693.088989555836              ) 
( 0.000000000000                      , 0.000000000000                      ) 
( -80027624.915531247854              , -126882531.080318123102             ) 
( 0.000000000000                      , 0.000000000000                      ) 
( 0.000000000000                      , 0.000000000000                      ) 
( 0.000000000000                      , 0.000000000000                      ) 
( -156146150.962931036949             , 90150681.506508350372               ) 
( 0.000000000000                      , 0.000000000000                      ) 
( -69541009.978283256292              , 33637135.131178736687               ) 
( 0.000000000000                      , 0.000000000000                      ) 
( 0.000000000000                      , 0.000000000000                      ) 
