    1000.000000000000     
      268.78063      169.95747      264.58242        0.00391
      293.09617      153.16936      148.63666        0.00391
      283.02197      152.14569      324.64644        0.00391
      294.26072      148.42409      157.30281        0.00391
      312.25762      106.60248       22.08339        0.00391
      297.93810       91.24265      222.92880        0.00391
      301.77820       55.28176       80.02082        0.00391
      267.35542       26.64905      316.31494        0.00391
       91.48035       30.61362      325.48744        0.00391
      133.33004      106.27427      201.95447        0.00391
      278.03343      153.41813      230.39357        0.00391
      299.51643       96.17006      123.46072        0.00391
      119.47323       98.30339      117.37498        0.00391
      119.18684       95.66971      304.89650        0.00391
      117.18218       85.11684      144.55500        0.00391
      138.36131      115.11447       15.04059        0.00391
      113.46964      130.41801      186.96918        0.00391
      108.10244      152.50523       57.12280        0.00391
      270.86238      153.02544       46.25706        0.00391
      312.00870      110.19434      289.57079        0.00391
      300.70662       83.47435      146.16444        0.00391
      269.03894       26.99956       44.68610        0.00391
       88.90447       37.25564       70.68522        0.00391
       90.09893      142.41205      285.36350        0.00391
      288.74381       29.57900      298.92941        0.00391
      285.88987       28.18622      123.33222        0.00391
      291.86909       26.87178      302.43477        0.00391
      254.05834       10.74462      204.00048        0.00391
       86.50651       26.59483      226.88011        0.00391
      108.78001       28.27115       31.74265        0.00391
      132.91167       72.15740      248.92485        0.00391
      124.36419       99.72875      117.92792        0.00391
      108.87923      151.18899      328.97243        0.00391
      249.43089      170.98524      331.67898        0.00391
      297.83217      126.49941      242.05188        0.00391
      288.39571       29.05304      120.85216        0.00391
      267.20047      167.93355      262.12953        0.00391
      292.03777      152.90609      148.39017        0.00391
      281.70904      152.39004      323.61320        0.00391
      286.91619      150.66836      150.08419        0.00391
      305.24228      119.93980       13.18796        0.00391
      300.70864       96.62320      214.07610        0.00391
      306.41499       78.86903       63.58110        0.00391
      311.60847       43.17606      272.94083        0.00391
      290.90806       27.34826      121.80297        0.00391
       89.74991       27.05280      224.18530        0.00391
      121.38621       82.97443       57.09817        0.00391
       94.58362      151.66315      306.87939        0.00391
      134.49843       49.65238       86.33431        0.00391
      115.31197       31.04723      295.47810        0.00391
      126.70335       78.93124      152.23121        0.00391
      131.81680       74.89803      337.16374        0.00391
      117.52676       96.73400      209.84877        0.00391
      117.95321       94.56616       37.72268        0.00391
      134.21940      131.64571      272.40481        0.00391
       95.36795      148.12550       92.69545        0.00391
      282.40586      154.71513      142.12672        0.00391
      291.51890      143.06015      352.20374        0.00391
      297.19146       85.34818      233.71288        0.00391
      291.59235       29.81034      118.17554        0.00391
      303.43639       99.92687      296.68763        0.00391
      298.97043       95.55346      125.05698        0.00391
      300.08214       83.64940      326.48316        0.00391
      310.75441       75.59667      156.73225        0.00391
      314.41670       69.51604      343.23193        0.00391
      288.39695       29.41223      212.45247        0.00391
      280.86731       35.65987       91.16501        0.00391
      269.37652       26.79744      314.90739        0.00391
      111.98878       27.10012      301.48407        0.00391
      116.49485       32.70928      199.77980        0.00391
      121.11884       83.14590       56.86338        0.00391
      120.77205      115.91640      286.71474        0.00391
      132.48128      105.74654      112.63348        0.00391
      125.61157      100.36455      298.68635        0.00391
      126.07388      141.97682      167.83972        0.00391
      130.14576      135.89463      358.46551        0.00391
      108.49013      134.71044      184.86584        0.00391
      109.29370      151.78598       58.34874        0.00391
       92.95316      152.83594      227.82057        0.00391
      300.19869      177.29479      299.51883        0.00391
      284.78646      152.17070      145.65440        0.00391
      298.89458      135.12180        1.08470        0.00391
      296.29513       85.95543      232.45095        0.00391
      310.34553       46.03362       92.40922        0.00391
      304.65083       36.72262      281.74560        0.00391
      288.56242       28.84056      121.16260        0.00391
      284.24877       27.29574      308.51643        0.00391
      288.03322       35.30287      189.19173        0.00391
      278.61055       27.71238       37.91197        0.00391
      286.26196       27.45850      213.90205        0.00391
      284.63363        5.45175       77.06333        0.00391
       88.86595       26.76007      135.26739        0.00391
      109.05730       27.75370      302.67117        0.00391
      127.38691       41.12908      184.95071        0.00391
      122.58057       82.16745       58.18564        0.00391
      123.74896       98.69656      300.37571        0.00391
       90.03548      154.13957       68.55454        0.00391
      111.24575      152.73924      328.14889        0.00391
      100.33059      152.62786      142.53851        0.00391
       85.18090      153.29112      312.60716        0.00391
      103.13399      166.92468      194.09433        0.00391
      110.46917      153.50674       57.43550        0.00391
      259.33760      154.11219       38.84108        0.00391
      283.01846      165.80347      284.82455        0.00391
      286.70707      151.73766      147.20152        0.00391
      293.74440      140.83257      355.13880        0.00391
      294.87524       91.18709      226.15480        0.00391
      300.01518       96.42967      123.14155        0.00391
      258.90196       25.98760      321.36153        0.00391
      278.99607       26.49865      129.06261        0.00391
      312.21054       12.07799      308.37418        0.00391
       71.10603        1.74437       22.77200        0.00391
       76.95904       24.37649      231.67150        0.00391
      107.26671       26.56940       34.15736        0.00391
       96.03510       11.89836      266.05257        0.00391
       96.04264       27.40391      129.92690        0.00391
      106.87610       27.80796      304.61279        0.00391
      108.60435       29.85391      207.98549        0.00391
      100.47689       50.05238       75.80776        0.00391
      112.72620       93.46293      304.47072        0.00391
      268.73652      169.90485      264.51892        0.00391
      297.91612      155.18135      148.42882        0.00391
      277.03473      153.11027      319.99998        0.00391
      261.78762      153.55125      130.46300        0.00391
      287.49933      170.18296       17.65791        0.00391
      288.15823      152.60606      237.06540        0.00391
      270.32519      153.06970       45.86781        0.00391
      273.42006      154.02712      276.19608        0.00391
      286.98539      151.67124      147.42700        0.00391
      287.75220      146.28213      346.85784        0.00391
      289.94094      150.74190      240.06746        0.00391
      305.41854      111.36596      109.43465        0.00391
       91.20128       27.05825      133.39901        0.00391
      102.17627       27.43284      306.28840        0.00391
      112.36509       26.76180      122.31545        0.00391
       87.73955       26.35782       37.51594        0.00391
       93.23398       27.13531      222.06100        0.00391
      106.63826       27.57506       33.57994        0.00391
       90.38614       24.60674      279.35544        0.00391
       96.59046       27.46430      129.50335        0.00391
      108.62460       27.77998      303.03478        0.00391
       92.93301       27.30629      221.72408        0.00391
      107.89771       27.55913       34.11107        0.00391
      105.85740       28.50474      302.92887        0.00391
       93.59274      153.45453      228.39420        0.00391
       84.28165      162.99609       65.42634        0.00391
      134.16775      149.27567      343.39922        0.00391
      131.60178      146.50252      164.89441        0.00391
      141.82181      112.90896       16.84669        0.00391
      131.11466       92.11678      222.07441        0.00391
      144.63073       60.95470       77.22350        0.00391
      119.69974       27.15361      296.48071        0.00391
      319.72859       64.18076      343.41183        0.00391
      322.61062      113.10155      196.14501        0.00391
      150.78356      167.93666      246.36674        0.00391
      132.89475      102.69394      116.82722        0.00391
      316.40363      106.20443      111.92743        0.00391
      312.65275      102.25980      297.76112        0.00391
      310.84129       81.26363      147.76876        0.00391
      328.95776      121.03960       10.04188        0.00391
      324.52339      122.03036      190.99456        0.00391
      326.33195      165.87785       56.98029        0.00391
      120.75002      151.14328       65.93835        0.00391
      142.67692      114.38007      285.86827        0.00391
      134.18809       75.66420      154.60165        0.00391
      118.65112       29.07798       24.81392        0.00391
      320.53115       65.26638       73.14488        0.00391
      321.86902      120.23583      282.98204        0.00391
      132.13097       33.13688      285.29211        0.00391
      135.33641       30.77901      106.28480        0.00391
       87.51145       25.60491       42.08587        0.00391
       95.22548       26.60318      220.73514        0.00391
      299.38145       26.88746      206.94501        0.00391
      307.86598       24.43753       30.62527        0.00391
      322.55670       66.14370      253.91273        0.00391
      316.81093      106.90992      111.63510        0.00391
      314.07177      149.11786      342.96824        0.00391
       93.77701      153.57537      318.09458        0.00391
      130.93998       99.04954      215.57421        0.00391
      139.51662       34.21336      101.92410        0.00391
       96.36995      153.22851      230.41707        0.00391
       83.86828      160.05386       59.96846        0.00391
      133.54746      150.16358      342.33658        0.00391
      128.87763      147.78884      162.67952        0.00391
      143.71588      116.59271       14.41992        0.00391
      133.59163      103.78815      206.52903        0.00391
      138.06960       71.82951       69.61700        0.00391
      144.95311       42.15239      273.48884        0.00391
       87.33501       17.93929      200.74544        0.00391
      299.47607       29.27723      204.20152        0.00391
      314.62754       75.18529       65.29145        0.00391
      313.94450      134.37250      271.93286        0.00391
      328.57897       48.88356       86.89453        0.00391
      314.68938       33.18201      288.18117        0.00391
      317.42048       71.96513      158.55244        0.00391
      321.50617       68.21532      342.85350        0.00391
      314.74321      104.43262      203.93948        0.00391
      311.71689      100.37993       30.89610        0.00391
      328.06233      132.73600      271.62666        0.00391
      306.63053      145.60065       75.87842        0.00391
      156.42674      176.26929      158.14905        0.00391
      131.41671      144.24392      348.34745        0.00391
      130.65821       82.57069      235.74973        0.00391
      140.38293       35.03746      101.13925        0.00391
      137.26836      107.26115      291.05156        0.00391
      132.40613      101.87841      118.24794        0.00391
      133.44713       76.63589      333.83206        0.00391
      140.92796       68.91768      162.33451        0.00391
      149.87290       59.82870      350.68668        0.00391
      133.81372       67.19438      248.23536        0.00391
      131.75220       37.23642       99.33729        0.00391
      120.26643       27.96327      295.28211        0.00391
      271.24492       14.14650       12.18016        0.00391
      312.22774       34.00748      194.28785        0.00391
      314.43024       75.42149       65.03657        0.00391
      320.24887      111.81099      288.35773        0.00391
      321.87327      112.58956      106.83361        0.00391
      316.62544      107.24394      292.38488        0.00391
      321.48025      140.22941      167.86521        0.00391
      323.57188      137.44839      357.15169        0.00391
      323.55787      126.84515      187.67888        0.00391
      285.89724      159.14636       22.15397        0.00391
      303.16777      150.45173      247.79737        0.00391
       77.28608      155.56250      218.96972        0.00391
      136.70166      151.08856      162.36249        0.00391
      142.50506      133.14349        2.03209        0.00391
      130.66334       86.25436      230.74165        0.00391
      144.84262       45.28539       98.21199        0.00391
      137.44869       36.35719      280.62937        0.00391
      135.97039       31.74865      105.36719        0.00391
      124.06627       37.43386        7.58083        0.00391
      128.73113       34.40208      193.99642        0.00391
      129.49122       31.37244       17.74315        0.00391
      152.13105       17.67142      202.81594        0.00391
       85.39173       25.87914      137.01427        0.00391
      300.05348       27.77310      115.59962        0.00391
      274.39851       26.70096       33.44374        0.00391
      320.08175       39.36601      186.55733        0.00391
      315.38130       74.29176       66.21893        0.00391
      316.09468      106.39895      292.80812        0.00391
      294.25914      150.55218       64.00732        0.00391
      264.43754      157.71051      234.96629        0.00391
      313.66303      151.39250      161.16239        0.00391
      294.86595      151.88303      332.19319        0.00391
      274.81267      153.29859      139.62576        0.00391
      340.91704      171.06607       68.48442        0.00391
      119.24956      156.59880       58.84989        0.00391
       96.34155      153.15783      230.77250        0.00391
      134.97064      149.66243      163.03223        0.00391
      135.09963      141.65327      352.25248        0.00391
      131.24742       95.94438      218.66191        0.00391
      133.33438      103.23598      116.18002        0.00391
      115.51755       25.58726      300.40516        0.00391
      152.94590       10.44737      112.78314        0.00391
       70.44364        9.42909       32.99330        0.00391
      265.25052       24.46951       47.33671        0.00391
