    0.00000    0.00000    0.00000    0.00000    0.00000    0.00000    0.00000
    0.00578   17.82333   17.81989  -35.64322   -0.00078   -0.01417   -0.00900
    0.01156   20.72641   20.72253  -41.44894   -0.00091   -0.01623   -0.01035
    0.01734   23.46024   23.45593  -46.91617   -0.00105   -0.01825   -0.01168
    0.02312   26.03956   26.03487  -52.07443   -0.00119   -0.02022   -0.01300
    0.02890   28.47745   28.47243  -56.94988   -0.00132   -0.02216   -0.01430
    0.03468   30.78556   30.78017  -61.56574   -0.00148   -0.02407   -0.01560
    0.04046   32.97421   32.96851  -65.94272   -0.00163   -0.02595   -0.01688
    0.04624   35.05270   35.04668  -70.09938   -0.00176   -0.02780   -0.01815
    0.05202   37.02935   37.02303  -74.05238   -0.00190   -0.02962   -0.01942
    0.05780   38.91165   38.90508  -77.81672   -0.00206   -0.03142   -0.02069
    0.06358   40.70641   40.69955  -81.40596   -0.00221   -0.03319   -0.02195
    0.06936   42.41975   42.41267  -84.83241   -0.00236   -0.03495   -0.02320
    0.07514   44.05728   44.04996  -88.10725   -0.00253   -0.03668   -0.02446
    0.08092   45.62411   45.61652  -91.24063   -0.00267   -0.03840   -0.02571
    0.08671   47.12481   47.11703  -94.24185   -0.00284   -0.04010   -0.02697
    0.09249   48.56368   48.55573  -97.11941   -0.00303   -0.04179   -0.02822
    0.09827   49.94461   49.93649  -99.88110   -0.00319   -0.04346   -0.02948
    0.10405   51.27119   51.26290 -102.53408   -0.00341   -0.04512   -0.03074
    0.10983   52.54672   52.53826 -105.08497   -0.00358   -0.04677   -0.03200
    0.11561   53.77423   53.76562 -107.53985   -0.00375   -0.04840   -0.03327
    0.12139   54.95652   54.94776 -109.90427   -0.00396   -0.05003   -0.03454
    0.12717   56.09617   56.08731 -112.18348   -0.00418   -0.05165   -0.03582
    0.13295   57.19560   57.18669 -114.38229   -0.00439   -0.05326   -0.03710
    0.13873   58.25707   58.24809 -116.50515   -0.00458   -0.05486   -0.03840
    0.14451   59.28266   59.27353 -118.55619   -0.00475   -0.05646   -0.03969
    0.15029   60.27425   60.26503 -120.53928   -0.00497   -0.05805   -0.04100
    0.15607   61.23362   61.22436 -122.45798   -0.00515   -0.05963   -0.04231
    0.16185   62.16251   62.15317 -124.31569   -0.00539   -0.06121   -0.04364
    0.16763   63.06247   63.05305 -126.11552   -0.00561   -0.06279   -0.04497
    0.17341   63.93489   63.92547 -127.86036   -0.00588   -0.06436   -0.04631
    0.17919   64.78122   64.77174 -129.55296   -0.00612   -0.06592   -0.04766
    0.18497   65.60271   65.59316 -131.19587   -0.00636   -0.06748   -0.04903
    0.19075   66.40049   66.39096 -132.79146   -0.00661   -0.06904   -0.05040
    0.19653   67.17580   67.16623 -134.34202   -0.00689   -0.07060   -0.05178
    0.20231   67.92959   67.92007 -135.84967   -0.00718   -0.07215   -0.05318
    0.20809   68.66290   68.65343 -137.31632   -0.00746   -0.07370   -0.05459
    0.21387   69.37662   69.36728 -138.74390   -0.00776   -0.07525   -0.05601
    0.21965   70.07168   70.06243 -140.13410   -0.00807   -0.07680   -0.05744
    0.22543   70.74887   70.73972 -141.48859   -0.00832   -0.07835   -0.05889
    0.23121   71.40900   71.39996 -142.80895   -0.00863   -0.07990   -0.06034
    0.23699   72.05276   72.04388 -144.09664   -0.00891   -0.08145   -0.06182
    0.24277   72.68087   72.67210 -145.35297   -0.00923   -0.08300   -0.06330
    0.24855   73.29399   73.28534 -146.57933   -0.00954   -0.08455   -0.06480
    0.25434   73.89271   73.88424 -147.77694   -0.00982   -0.08609   -0.06631
    0.26012   74.47761   74.46932 -148.94693   -0.01014   -0.08764   -0.06784
    0.26590   75.04928   75.04114 -150.09042   -0.01042   -0.08919   -0.06938
    0.27168   75.60823   75.60022 -151.20845   -0.01077   -0.09074   -0.07093
    0.27746   76.15490   76.14710 -152.30201   -0.01112   -0.09229   -0.07250
    0.28324   76.68983   76.68224 -153.37206   -0.01148   -0.09384   -0.07408
    0.28902   77.21338   77.20609 -154.41948   -0.01180   -0.09540   -0.07568
    0.29480   77.72611   77.71901 -155.44512   -0.01213   -0.09695   -0.07729
    0.30058   78.22828   78.22150 -156.44978   -0.01250   -0.09851   -0.07892
    0.30636   78.72035   78.71385 -157.43420   -0.01285   -0.10006   -0.08056
    0.31214   79.20268   79.19646 -158.39913   -0.01325   -0.10162   -0.08222
    0.31792   79.67559   79.66965 -159.34523   -0.01361   -0.10317   -0.08389
    0.32370   80.13938   80.13383 -160.27321   -0.01392   -0.10473   -0.08557
    0.32948   80.59442   80.58924 -161.18367   -0.01426   -0.10629   -0.08727
    0.33526   81.04103   81.03619 -162.07722   -0.01463   -0.10785   -0.08899
    0.34104   81.47951   81.47497 -162.95448   -0.01500   -0.10941   -0.09072
    0.34682   81.90999   81.90589 -163.81589   -0.01542   -0.11098   -0.09247
    0.35260   82.33287   82.32916 -164.66203   -0.01581   -0.11254   -0.09423
    0.35838   82.74833   82.74503 -165.49336   -0.01619   -0.11411   -0.09601
    0.36416   83.15663   83.15379 -166.31042   -0.01662   -0.11568   -0.09779
    0.36994   83.55796   83.55567 -167.11363   -0.01706   -0.11725   -0.09960
    0.37572   83.95265   83.95078 -167.90343   -0.01746   -0.11882   -0.10141
    0.38150   84.34078   84.33944 -168.68023   -0.01784   -0.12039   -0.10325
    0.38728   84.72263   84.72178 -169.44441   -0.01826   -0.12197   -0.10509
    0.39306   85.09830   85.09808 -170.19638   -0.01867   -0.12355   -0.10695
    0.39884   85.46807   85.46841 -170.93649   -0.01910   -0.12512   -0.10881
    0.40462   85.83207   85.83307 -171.66514   -0.01953   -0.12670   -0.11070
    0.41040   86.19051   86.19211 -172.38262   -0.01994   -0.12829   -0.11259
    0.41618   86.54348   86.54575 -173.08923   -0.02042   -0.12987   -0.11450
    0.42197   86.89121   86.89409 -173.78530   -0.02087   -0.13145   -0.11643
    0.42775   87.23377   87.23735 -174.47112   -0.02133   -0.13304   -0.11836
    0.43353   87.57141   87.57561 -175.14702   -0.02178   -0.13462   -0.12031
    0.43931   87.90408   87.90913 -175.81322   -0.02222   -0.13621   -0.12227
    0.44509   88.23210   88.23795 -176.47006   -0.02265   -0.13781   -0.12424
    0.45087   88.55556   88.56218 -177.11774   -0.02311   -0.13940   -0.12622
    0.45665   88.87452   88.88200 -177.75652   -0.02360   -0.14099   -0.12821
    0.46243   89.18915   89.19746 -178.38661   -0.02402   -0.14258   -0.13021
    0.46821   89.49953   89.50871 -179.00824   -0.02450   -0.14418   -0.13222
    0.47399   89.80579   89.81588 -179.62168   -0.02496   -0.14578   -0.13424
    0.47977   90.10807   90.11900 -180.22707   -0.02542   -0.14738   -0.13627
    0.48555   90.40639   90.41820 -180.82459   -0.02590   -0.14898   -0.13831
    0.49133   90.70089   90.71363 -181.41452   -0.02640   -0.15058   -0.14035
    0.49711   90.99157   91.00540 -181.99697   -0.02690   -0.15218   -0.14240
    0.50289   91.27868   91.29349 -182.57217   -0.02733   -0.15378   -0.14447
    0.50867   91.56222   91.57803 -183.14026   -0.02790   -0.15539   -0.14653
    0.51445   91.84228   91.85914 -183.70142   -0.02839   -0.15700   -0.14861
    0.52023   92.11893   92.13693 -184.25586   -0.02895   -0.15861   -0.15069
    0.52601   92.39232   92.41135 -184.80367   -0.02951   -0.16021   -0.15277
    0.53179   92.66239   92.68265 -185.34505   -0.03002   -0.16183   -0.15486
    0.53757   92.92933   92.95076 -185.88008   -0.03058   -0.16344   -0.15695
    0.54335   93.19313   93.21585 -186.40898   -0.03112   -0.16505   -0.15904
    0.54913   93.45395   93.47786 -186.93181   -0.03161   -0.16668   -0.16115
    0.55491   93.71180   93.73700 -187.44879   -0.03213   -0.16829   -0.16325
    0.56069   93.96680   93.99323 -187.96002   -0.03266   -0.16991   -0.16536
    0.56647   94.21886   94.24672 -188.46558   -0.03320   -0.17153   -0.16746
    0.57225   94.46822   94.49740 -188.96562   -0.03376   -0.17316   -0.16957
    0.57803   94.71475   94.74542 -189.46017   -0.03439   -0.17478   -0.17168
    0.58382   94.95865   94.99079 -189.94944   -0.03493   -0.17641   -0.17379
    0.58960   95.19994   95.23361 -190.43355   -0.03553   -0.17803   -0.17590
    0.59538   95.43870   95.47388 -190.91258   -0.03610   -0.17967   -0.17801
    0.60116   95.67490   95.71166 -191.38656   -0.03670   -0.18130   -0.18012
    0.60694   95.90871   95.94702 -191.85573   -0.03727   -0.18294   -0.18223
    0.61272   96.14004   96.18004 -192.32008   -0.03789   -0.18457   -0.18433
    0.61850   96.36907   96.41068 -192.77976   -0.03852   -0.18621   -0.18642
    0.62428   96.59574   96.63906 -193.23480   -0.03913   -0.18785   -0.18852
    0.63006   96.82013   96.86520 -193.68533   -0.03971   -0.18949   -0.19061
    0.63584   97.04228   97.08915 -194.13143   -0.04033   -0.19114   -0.19269
    0.64162   97.26222   97.31092 -194.57314   -0.04092   -0.19278   -0.19476
    0.64740   97.48005   97.53056 -195.01061   -0.04152   -0.19444   -0.19683
    0.65318   97.69573   97.74816 -195.44389   -0.04211   -0.19609   -0.19889
    0.65896   97.90933   97.96374 -195.87307   -0.04266   -0.19774   -0.20095
    0.66474   98.12093   98.17727 -196.29820   -0.04325   -0.19940   -0.20300
    0.67052   98.33053   98.38885 -196.71938   -0.04382   -0.20106   -0.20503
    0.67630   98.53819   98.59847 -197.13666   -0.04439   -0.20273   -0.20707
    0.68208   98.74388   98.80624 -197.55013   -0.04504   -0.20440   -0.20909
    0.68786   98.94766   99.01215 -197.95981   -0.04567   -0.20606   -0.21110
    0.69364   99.14966   99.21617 -198.36583   -0.04623   -0.20774   -0.21310
    0.69942   99.34971   99.41848 -198.76819   -0.04680   -0.20941   -0.21509
    0.70520   99.54798   99.61893 -199.16692   -0.04741   -0.21109   -0.21706
    0.71098   99.74448   99.81771 -199.56219   -0.04795   -0.21277   -0.21902
    0.71676   99.93922  100.01477 -199.95399   -0.04853   -0.21446   -0.22097
    0.72254  100.13231  100.21014 -200.34245   -0.04907   -0.21614   -0.22291
    0.72832  100.32372  100.40383 -200.72755   -0.04958   -0.21784   -0.22483
    0.73410  100.51346  100.59588 -201.10934   -0.05010   -0.21953   -0.22674
    0.73988  100.70155  100.78633 -201.48787   -0.05053   -0.22123   -0.22863
    0.74566  100.88801  100.97527 -201.86328   -0.05096   -0.22293   -0.23051
    0.75145  101.07293  101.16263 -202.23557   -0.05138   -0.22464   -0.23237
    0.75723  101.25630  101.34849 -202.60480   -0.05182   -0.22635   -0.23422
    0.76301  101.43810  101.53287 -202.97097   -0.05227   -0.22807   -0.23605
    0.76879  101.61842  101.71576 -203.33418   -0.05271   -0.22978   -0.23786
    0.77457  101.79726  101.89719 -203.69445   -0.05313   -0.23150   -0.23965
    0.78035  101.97466  102.07717 -204.05183   -0.05354   -0.23323   -0.24143
    0.78613  102.15061  102.25580 -204.40641   -0.05395   -0.23497   -0.24318
    0.79191  102.32523  102.43297 -204.75820   -0.05429   -0.23670   -0.24492
    0.79769  102.49840  102.60884 -205.10724   -0.05462   -0.23844   -0.24664
    0.80347  102.67018  102.78334 -205.45352   -0.05494   -0.24019   -0.24833
    0.80925  102.84058  102.95656 -205.79714   -0.05525   -0.24194   -0.25001
    0.81503  103.00973  103.12844 -206.13817   -0.05555   -0.24369   -0.25166
    0.82081  103.17754  103.29905 -206.47659   -0.05585   -0.24545   -0.25330
    0.82659  103.34404  103.46843 -206.81247   -0.05610   -0.24721   -0.25491
    0.83237  103.50927  103.63657 -207.14584   -0.05634   -0.24898   -0.25650
    0.83815  103.67323  103.80344 -207.47667   -0.05660   -0.25075   -0.25806
    0.84393  103.83597  103.96912 -207.80510   -0.05678   -0.25252   -0.25961
    0.84971  103.99746  104.13360 -208.13106   -0.05689   -0.25429   -0.26114
    0.85549  104.15778  104.29689 -208.45467   -0.05704   -0.25607   -0.26264
    0.86127  104.31696  104.45901 -208.77597   -0.05711   -0.25786   -0.26412
    0.86705  104.47499  104.61998 -209.09497   -0.05714   -0.25965   -0.26557
    0.87283  104.63180  104.77986 -209.41166   -0.05713   -0.26144   -0.26700
    0.87861  104.78746  104.93864 -209.72609   -0.05713   -0.26324   -0.26841
    0.88439  104.94207  105.09627 -210.03835   -0.05707   -0.26504   -0.26980
    0.89017  105.09550  105.25293 -210.34843   -0.05698   -0.26684   -0.27116
    0.89595  105.24781  105.40849 -210.65629   -0.05684   -0.26865   -0.27250
    0.90173  105.39905  105.56300 -210.96206   -0.05669   -0.27047   -0.27381
    0.90751  105.54922  105.71652 -211.26574   -0.05648   -0.27229   -0.27510
    0.91329  105.69833  105.86900 -211.56733   -0.05631   -0.27411   -0.27637
    0.91908  105.84646  106.02045 -211.86691   -0.05607   -0.27593   -0.27760
    0.92486  105.99359  106.17082 -212.16442   -0.05576   -0.27776   -0.27881
    0.93064  106.13976  106.32022 -212.45998   -0.05543   -0.27959   -0.28000
    0.93642  106.28496  106.46865 -212.75362   -0.05510   -0.28143   -0.28117
    0.94220  106.42919  106.61612 -213.04531   -0.05474   -0.28326   -0.28231
    0.94798  106.57237  106.76263 -213.33500   -0.05434   -0.28510   -0.28342
    0.95376  106.71463  106.90819 -213.62282   -0.05391   -0.28693   -0.28451
    0.95954  106.85590  107.05282 -213.90873   -0.05345   -0.28878   -0.28557
    0.96532  106.99620  107.19660 -214.19280   -0.05294   -0.29062   -0.28662
    0.97110  107.13561  107.33946 -214.47507   -0.05239   -0.29246   -0.28764
    0.97688  107.27404  107.48146 -214.75550   -0.05174   -0.29431   -0.28863
    0.98266  107.41163  107.62250 -215.03413   -0.05110   -0.29616   -0.28960
    0.98844  107.54835  107.76265 -215.31100   -0.05039   -0.29801   -0.29055
    0.99422  107.68417  107.90199 -215.58616   -0.04962   -0.29986   -0.29147
    1.00000  107.81907  108.04050 -215.85957   -0.04890   -0.30171   -0.29237
